HY_id,conteo
6028499,5
6028500,3
6028502,10
6028512,2
6028513,2
6028514,9
6028515,7
6028520,7
6028522,5
6028523,5
6028526,1
6028527,1
6028529,1
6028530,1
6028531,2
6028533,8
6028534,10
6028536,2
6028539,5
6028541,10
6028544,10
6028545,9
6028547,10
6028548,7
6028567,2
6028571,10
6028575,5
6028582,6
6028585,8
6028586,7
6028590,10
6028594,10
6028600,10
6028601,10
6028625,10
6028626,10
6028627,10
6028628,10
6028629,10
6028630,10
6028631,10
6028637,7
6028639,10
6028640,10
6028643,2
6028645,5
6028648,9
6028649,6
6028650,7
6028651,8
6028652,9
6028653,9
6028655,9
6028656,9
6028657,8
6028664,5
6028682,10
6028683,7
6028708,4
6028710,1
6028712,1
6028713,1
6028715,1
6028717,1
6028723,1
6028726,1
6028727,1
6028732,1
6028734,1
6028735,1
6028910,4
6028916,4
6028917,4
6028919,10
6028920,10
6028921,10
6028922,10
6028923,10
6028924,10
6028926,4
6028927,4
6028928,7
6028929,7
6028930,7
6028931,7
6028932,6
6028940,2
6028941,2
6028942,7
6028943,7
6028944,8
6028945,9
6028946,8
6028947,4
6028951,10
6028952,10
6028953,10
6028954,10
6028955,10
6028956,10
6028957,10
6028974,2
6028975,2
6028976,2
6028977,2
6028978,2
6028979,2
6028980,2
6028983,7
6028984,7
6028985,8
6028986,7
6028987,7
6028988,7
6028989,7
6028994,7
6028995,7
6028997,10
6028998,6
6028999,2
6029000,10
6029002,6
6029020,10
6029031,2
6029032,9
6029034,4
6029035,5
6029036,5
6029037,4
6029045,9
6029048,10
6029049,10
6029051,4
6029052,7
6029053,6
6029059,4
6029060,9
6029062,10
6029063,10
6029064,9
6029065,10
6029066,7
6029067,10
6029068,5
6029069,7
6029071,6
6029072,1
6029073,9
6029075,9
6029076,10
6029090,10
6029111,7
6029124,4
6029125,9
6029130,7
6029132,8
6029144,10
6029145,10
6029154,10
6029155,7
6029156,7
6029157,10
6029158,9
6029159,3
6029160,4
6029164,8
6029166,6
6029169,1
6029170,4
6029171,4
6029182,5
6029183,3
6029184,10
6029185,10
6029186,10
6029188,10
6029190,8
6029191,10
6029193,10
6029195,10
6029198,2
6029199,6
6029201,5
6029202,4
6029207,7
6029208,8
6029210,7
6029212,9
6029214,10
6029216,8
6029217,9
6029218,10
6029220,7
6029221,3
6029222,10
6029223,10
6029224,10
6029228,10
6029229,10
6029230,8
6029231,7
6029233,4
6029240,7
6029241,9
6029243,1
6029244,1
6029245,1
6029246,1
6029247,1
6029249,1
6029254,2
6029261,2
6029273,2
6029275,1
6029276,3
6029283,1
6029292,1
6029293,1
6029308,10
6029313,2
6029316,4
6029317,4
6029318,4
6029320,4
6029321,9
6029322,1
6029323,1
6029324,3
6029381,3
6029382,3
6029383,2
6029385,4
6029387,4
6029400,2
6029421,6
6029424,7
6029427,7
6029429,7
6029430,7
6029433,7
6029436,10
6029437,10
6029438,10
6029466,7
6029476,1
6029492,3
6029493,3
6029494,3
6029495,3
6029496,3
6029512,10
6029514,10
6029525,4
6029528,4
6029530,6
6029531,5
6029534,10
6029537,7
6029562,10
6029572,3
6029577,1
6029593,3
6029597,4
6029600,1
6029626,10
6029627,10
6029633,9
6029634,10
6029648,2
6029649,6
6029650,3
6029661,6
6029669,5
6029670,8
6029674,8
6029678,6
6029681,3
6029683,3
6029684,10
6029691,5
6029692,6
6029694,7
6029699,8
6029701,5
6029702,1
6029703,1
6029704,1
6029705,1
6029706,1
6029707,1
6029710,1
6029740,1
6029742,1
6029772,8
6029794,3
6029812,10
6029814,5
6029816,10
6029817,10
6029818,10
6029820,10
6029821,10
6029822,10
6029823,10
6029833,7
6029835,2
6029836,10
6029837,10
6029838,10
6029839,10
6029840,10
6029841,10
6029842,10
6029844,10
6029848,10
6029859,10
6029868,5
6029872,9
6029875,9
6029876,8
6029877,10
6029879,2
6029880,3
6029881,1
6029882,1
6029884,2
6029885,10
6029887,4
6029899,3
6029900,3
6029901,2
6029902,2
6029903,2
6029904,2
6029905,2
6029907,2
6029908,2
6029909,2
6029910,2
6029911,2
6029914,2
6029916,1
6029918,1
6029949,10
6029996,9
6030021,5
6030022,5
6030023,5
6030024,5
6030029,5
6030030,5
6030032,5
6030035,4
6030061,3
6030062,3
6030067,3
6030068,3
6030121,1
6030158,7
6030159,4
6030160,5
6030161,9
6030162,3
6030165,10
6030166,3
6030167,7
6030169,4
6030201,10
6030218,6
6030219,7
6030220,7
6030221,7
6030222,7
6030224,7
6030226,3
6030227,4
6030229,10
6030230,8
6030232,3
6030233,6
6030234,7
6030236,4
6030237,8
6030238,6
6030239,5
6030242,5
6030243,3
6030246,9
6030247,4
6030248,3
6030249,6
6030252,4
6030253,5
6030255,3
6030260,10
6030265,2
6030266,1
6030275,7
6030276,7
6030277,7
6030278,7
6030279,7
6030284,4
6030285,5
6030286,4
6030287,3
6030294,2
6030295,6
6030296,2
6030297,3
6030299,9
6030304,5
6030313,7
6030315,4
6030317,6
6030318,9
6030319,6
6030320,7
6030321,10
6030323,7
6030324,1
6030326,3
6030327,1
6030329,10
6030330,4
6030331,10
6030334,4
6030335,4
6030337,3
6030340,6
6030343,4
6030344,5
6030346,3
6030350,3
6030351,5
6030353,1
6030358,1
6030359,1
6030361,3
6030364,4
6030365,6
6030374,3
6030376,8
6030378,3
6030381,2
6030389,8
6030444,9
6030456,3
6030457,3
6030458,8
6030459,7
6030460,7
6030461,7
6030462,7
6030463,7
6030464,7
6030465,7
6030466,6
6030467,10
6030468,10
6030469,7
6030487,5
6030489,5
6030491,5
6030493,5
6030495,5
6030496,4
6030497,4
6030500,4
6030501,4
6030504,4
6030510,4
6030517,6
6030518,6
6030519,6
6030520,6
6030521,7
6030522,6
6030523,10
6030524,6
6030525,6
6030526,6
6030527,7
6030531,6
6030558,10
6030559,10
6030563,4
6030566,3
6030567,3
6030628,3
6030629,3
6030630,3
6030631,3
6030633,6
6030634,4
6030639,3
6030640,3
6030642,5
6030643,5
6030649,10
6030650,9
6030651,10
6030652,6
6030653,4
6030658,4
6030659,7
6030660,3
6030661,1
6030662,10
6030665,3
6030678,10
6030679,10
6030701,10
6030702,10
6030703,10
6030704,10
6030705,10
6030706,10
6030707,10
6030709,10
6030752,3
6030773,10
6030774,5
6030775,3
6030776,2
6030777,3
6030778,4
6030779,4
6030780,2
6030781,6
6030782,9
6030783,5
6030803,4
6030804,3
6030805,3
6030838,5
6030866,5
6030867,6
6030868,3
6030869,8
6030870,5
6030871,5
6030872,1
6030874,10
6030875,10
6030876,10
6030877,10
6030878,10
6030901,8
6030902,5
6030903,6
6030904,5
6030907,9
6030908,7
6030909,8
6030910,4
6030911,6
6030912,10
6030914,7
6030918,5
6030919,2
6030920,5
6030921,6
6030923,6
6030925,7
6030926,7
6030927,6
6030930,5
6030931,8
6030937,9
6030939,8
6030940,7
6030942,6
6030953,8
6030957,4
6030959,6
6030963,8
6030964,4
6030965,5
6030966,7
6030967,8
6030969,6
6030970,10
6030972,4
6030973,10
6030974,7
6030996,10
6030997,9
6030999,6
6031000,6
6031002,7
6031004,6
6031005,5
6031007,5
6031008,6
6031011,10
6031030,10
6031031,5
6031034,8
6031041,8
6031071,7
6031073,8
6031077,5
6031079,9
6031080,8
6031081,8
6031082,9
6031083,9
6031084,7
6031086,9
6031087,9
6031088,8
6031090,9
6031092,9
6031093,9
6031094,8
6031095,9
6031099,8
6031102,9
6031103,4
6031104,3
6031105,4
6031106,3
6031107,3
6031108,3
6031109,2
6031112,3
6031113,3
6031116,1
6031117,1
6031118,1
6031119,1
6031120,1
6031121,1
6031122,1
6031123,1
6031124,1
6031125,1
6031126,1
6031127,1
6031128,1
6031129,1
6031133,5
6031137,10
6031139,10
6031143,8
6031144,4
6031147,4
6031151,5
6031171,8
6031196,10
6031197,9
6031199,10
6031200,10
6031206,4
6031210,10
6031222,4
6031224,5
6031232,3
6031234,10
6031238,4
6031239,4
6031240,4
6031242,9
6031243,9
6031245,10
6031250,10
6031253,9
6031254,7
6031255,10
6031256,10
6031257,7
6031258,7
6031260,3
6031263,2
6031264,9
6031271,6
6031272,10
6031273,5
6031274,3
6031275,10
6031276,10
6031280,10
6031281,4
6031283,10
6031284,10
6031285,3
6031286,3
6031287,2
6031288,2
6031289,2
6031290,2
6031291,2
6031292,2
6031293,2
6031294,2
6031295,2
6031296,2
6031297,3
6031298,2
6031299,10
6031300,10
6031301,10
6031302,2
6031303,2
6031311,9
6031312,9
6031313,9
6031321,8
6031327,2
6031328,2
6031329,2
6031330,9
6031336,10
6031341,8
6031349,7
6031350,6
6031351,6
6031352,6
6031353,6
6031354,6
6031355,6
6031356,6
6031358,6
6031359,6
6031362,10
6031363,10
6031366,10
6031367,10
6031368,10
6031369,10
6031370,10
6031371,10
6031372,10
6031373,10
6031375,10
6031376,8
6031380,10
6031389,4
6031396,4
6031397,3
6031398,3
6031399,3
6031400,3
6031401,3
6031402,3
6031403,3
6031404,3
6031405,3
6031406,10
6031407,10
6031501,10
6031502,3
6031503,5
6031507,7
6031510,4
6031519,9
6031520,4
6031521,4
6031522,5
6031523,5
6031524,5
6031525,5
6031526,5
6031528,5
6031529,9
6031530,9
6031531,8
6031538,4
6031544,4
6031545,3
6031547,3
6031549,3
6031550,3
6031551,3
6031552,3
6031553,3
6031554,3
6031555,3
6031556,3
6031557,3
6031559,3
6031560,3
6031561,3
6031562,3
6031593,8
6031598,4
6031605,3
6031611,3
6031615,2
6031616,2
6031617,2
6031618,2
6031626,1
6031627,1
6031628,10
6031629,5
6031630,3
6031638,6
6031656,10
6031658,10
6031666,10
6031680,7
6031691,3
6031692,3
6031700,10
6031706,7
6031712,6
6031720,7
6031721,10
6031722,7
6031723,9
6031730,5
6031734,1
6031743,1
6031744,4
6031746,5
6031747,4
6031748,5
6031749,4
6031750,4
6031751,4
6031753,4
6031755,6
6031758,5
6031767,2
6031774,5
6031778,2
6031779,5
6031780,3
6031784,5
6031785,7
6031796,3
6031797,4
6031798,10
6031804,8
6031805,9
6031811,7
6031815,6
6031818,6
6031819,5
6031820,5
6031822,3
6031823,3
6031826,3
6031830,7
6031831,5
6031835,3
6031836,2
6031837,5
6031846,5
6031847,1
6031849,5
6031850,10
6031851,4
6031852,3
6031857,10
6031860,3
6031863,2
6031864,5
6031865,3
6031866,10
6031871,3
6031872,3
6031877,4
6031882,3
6031884,4
6031886,4
6031895,2
6031896,4
6031906,1
6031907,1
6031908,1
6031909,1
6031910,1
6031911,1
6031933,3
6031939,10
6031940,10
6031941,1
6031943,5
6031944,2
6031945,2
6031946,2
6031947,2
6031948,3
6031949,2
6031950,2
6031951,1
6031952,1
6031953,3
6031954,6
6031955,6
6031956,10
6031957,4
6031961,4
6031965,10
6031966,3
6031968,3
6031971,3
6031975,5
6031977,4
6031978,6
6031984,3
6031985,5
6031986,8
6031987,8
6031988,8
6031990,3
6031991,3
6031992,8
6031993,10
6031994,9
6031995,5
6031997,7
6032001,8
6032003,1
6032005,4
6032007,7
6032010,4
6032011,7
6032012,6
6032014,4
6032025,3
6032026,8
6032033,9
6032035,5
6032042,2
6032046,5
6032048,4
6032051,5
6032053,10
6032061,7
6032063,3
6032070,6
6032071,8
6032081,10
6032082,1
6032083,2
6032088,10
6032090,10
6032093,3
6032099,5
6032102,10
6032104,3
6032107,1
6032108,10
6032109,3
6032110,6
6032112,10
6032117,10
6032118,6
6032130,10
6032132,7
6032137,7
6032141,7
6032143,6
6032144,4
6032147,9
6032156,6
6032158,6
6032159,6
6032161,3
6032163,9
6032168,10
6032171,6
6032176,5
6032177,7
6032186,6
6032194,7
6032216,8
6032230,10
6032245,10
6032246,8
6032248,10
6032250,4
6032251,10
6032253,5
6032270,10
6032274,10
6032275,9
6032276,10
6032277,2
6032278,7
6032279,8
6032281,8
6032283,9
6032287,7
6032319,6
6032342,8
6032343,5
6032345,6
6032348,3
6032354,4
6032355,4
6032367,10
6032368,8
6032369,8
6032371,2
6032372,3
6032373,8
6032374,8
6032375,8
6032378,5
6032382,2
6032384,1
6032385,1
6032386,1
6032387,3
6032392,3
6032409,3
6032411,1
6032413,1
6032421,1
6032422,1
6032429,1
6032436,1
6032613,6
6032616,10
6032621,8
6032627,10
6032628,4
6032632,8
6032633,7
6032634,5
6032635,10
6032636,10
6032639,5
6032641,3
6032654,2
6032655,2
6032656,10
6032678,1
6032679,1
6032683,1
6032685,1
6032688,1
6032691,1
6032692,1
6032697,1
6032705,10
6032706,7
6032708,3
6032710,4
6032711,4
6032712,4
6032713,4
6032724,8
6032743,2
6032744,2
6032746,2
6032805,8
6032806,7
6032807,3
6032808,3
6032810,10
6032846,7
6032869,10
6032873,4
6032875,3
6032877,4
6032878,4
6032884,3
6032885,3
6032887,3
6032889,6
6032899,3
6032901,10
6032916,10
6032922,2
6032923,6
6032924,6
6032934,6
6032951,10
6032952,8
6032954,7
6032979,3
6032980,3
6032984,3
6033017,10
6033049,7
6033050,7
6033052,6
6033054,10
6033067,4
6033070,6
6033074,4
6033075,2
6033076,2
6033083,3
6033084,3
6033085,3
6033087,10
6033089,6
6033091,9
6033094,6
6033095,10
6033102,5
6033105,9
6033108,10
6033177,3
6033214,1
6033233,8
6033237,3
6033238,10
6033239,10
6033240,10
6033241,10
6033243,10
6033245,10
6033247,10
6033248,10
6033249,10
6033250,7
6033251,7
6033252,10
6033253,10
6033261,6
6033264,2
6033265,2
6033266,2
6033267,2
6033268,3
6033269,2
6033270,2
6033271,3
6033273,4
6033275,10
6033276,10
6033277,10
6033278,10
6033279,10
6033280,10
6033281,10
6033282,10
6033283,10
6033284,10
6033285,10
6033291,10
6033293,10
6033300,2
6033301,9
6033304,4
6033307,7
6033311,1
6033315,9
6033316,1
6033317,2
6033319,1
6033321,1
6033339,5
6033340,2
6033341,2
6033342,2
6033343,2
6033344,2
6033346,2
6033347,2
6033348,3
6033350,2
6033351,2
6033353,2
6033355,1
6033357,1
6033358,1
6033360,3
6033361,1
6033377,6
6033399,10
6033400,4
6033442,2
6033444,10
6033447,9
6033452,5
6033468,5
6033469,5
6033470,5
6033471,5
6033478,5
6033499,3
6033500,3
6033501,3
6033502,3
6033503,3
6033506,3
6033507,3
6033509,3
6033510,2
6033526,7
6033570,5
6033593,6
6033594,6
6033596,4
6033602,6
6033613,4
6033621,5
6033625,7
6033626,7
6033627,9
6033628,5
6033630,6
6033631,10
6033635,3
6033636,10
6033637,5
6033642,3
6033643,4
6033644,6
6033646,5
6033647,3
6033648,5
6033649,4
6033651,2
6033652,8
6033653,10
6033660,3
6033665,7
6033666,7
6033676,1
6033678,6
6033679,6
6033680,2
6033681,10
6033682,10
6033684,3
6033688,4
6033693,4
6033695,6
6033698,6
6033701,10
6033704,1
6033705,1
6033707,2
6033708,1
6033709,1
6033710,4
6033712,3
6033713,4
6033714,4
6033715,5
6033716,5
6033717,2
6033720,6
6033721,5
6033723,4
6033724,4
6033725,2
6033726,4
6033730,1
6033731,4
6033734,1
6033735,5
6033737,3
6033739,7
6033745,5
6033748,3
6033752,7
6033760,4
6033767,2
6033768,2
6033769,2
6033770,2
6033786,2
6033810,9
6033835,3
6033836,3
6033837,4
6033839,7
6033841,8
6033842,7
6033843,7
6033844,7
6033846,10
6033847,10
6033848,10
6033849,7
6033856,3
6033862,5
6033863,5
6033864,5
6033866,5
6033867,5
6033868,5
6033870,5
6033876,4
6033877,4
6033881,4
6033887,4
6033889,4
6033907,6
6033910,7
6033911,7
6033912,6
6033913,7
6033944,10
6033945,10
6033953,4
6033954,3
6034033,3
6034045,10
6034047,9
6034049,4
6034052,5
6034053,10
6034054,2
6034055,4
6034056,2
6034057,3
6034059,4
6034063,5
6034066,3
6034078,10
6034079,10
6034099,10
6034100,10
6034101,10
6034102,10
6034103,10
6034104,10
6034105,10
6034157,3
6034158,3
6034159,3
6034160,3
6034161,3
6034166,3
6034168,3
6034176,4
6034177,10
6034178,2
6034179,2
6034180,3
6034181,3
6034182,3
6034183,4
6034184,3
6034186,4
6034192,4
6034196,2
6034207,5
6034208,4
6034209,3
6034210,4
6034211,5
6034214,6
6034216,4
6034222,3
6034235,6
6034243,6
6034245,6
6034270,2
6034271,1
6034272,1
6034273,2
6034274,10
6034296,6
6034297,10
6034298,2
6034299,9
6034300,8
6034301,10
6034303,8
6034304,10
6034305,7
6034306,9
6034309,5
6034310,9
6034311,10
6034313,5
6034314,7
6034316,6
6034319,6
6034321,10
6034322,10
6034323,10
6034324,3
6034325,4
6034326,4
6034327,9
6034332,9
6034334,9
6034335,7
6034336,5
6034337,6
6034338,10
6034339,6
6034341,6
6034344,9
6034345,6
6034346,5
6034348,7
6034349,3
6034354,7
6034368,3
6034370,6
6034371,5
6034376,4
6034377,4
6034409,5
6034410,5
6034442,5
6034445,8
6034451,8
6034452,6
6034454,9
6034455,9
6034456,8
6034459,8
6034460,9
6034461,9
6034463,9
6034468,5
6034474,10
6034475,2
6034476,2
6034481,3
6034482,10
6034484,6
6034485,2
6034486,2
6034487,3
6034493,1
6034494,1
6034495,1
6034496,1
6034497,1
6034498,1
6034499,1
6034500,1
6034501,3
6034502,1
6034503,1
6034504,1
6034505,1
6034506,1
6034507,1
6034508,1
6034509,1
6034510,1
6034511,1
6034512,1
6034517,4
6034519,4
6034520,5
6034527,10
6034529,7
6034530,6
6034531,8
6034532,4
6034556,7
6034561,8
6034596,10
6034598,10
6034603,10
6034606,4
6034612,10
6034619,2
6034620,3
6034629,3
6034644,10
6034656,10
6034657,10
6034658,9
6034661,9
6034662,9
6034663,2
6034664,2
6034666,4
6034668,3
6034670,4
6034671,3
6034673,10
6034674,10
6034675,10
6034676,10
6034677,10
6034678,10
6034679,10
6034680,10
6034681,10
6034682,3
6034683,3
6034684,7
6034685,7
6034686,4
6034687,5
6034688,4
6034698,8
6034699,7
6034700,7
6034701,8
6034703,8
6034704,4
6034705,4
6034706,4
6034707,8
6034709,5
6034710,10
6034711,10
6034712,10
6034713,10
6034714,10
6034715,9
6034724,8
6034727,2
6034728,2
6034730,2
6034732,2
6034733,2
6034734,2
6034736,7
6034737,7
6034738,7
6034739,7
6034747,7
6034748,7
6034777,6
6034803,6
6034825,9
6034826,2
6034829,7
6034831,5
6034837,3
6034838,8
6034843,3
6034844,9
6034845,6
6034847,9
6034848,10
6034849,10
6034851,6
6034854,5
6034855,8
6034856,7
6034859,10
6034860,4
6034861,10
6034867,5
6034871,4
6034872,8
6034896,5
6034897,9
6034907,3
6034926,10
6034927,3
6034928,5
6034932,8
6034934,7
6034935,9
6034936,7
6034939,10
6034940,7
6034941,10
6034943,4
6034944,8
6034945,10
6034947,8
6034950,8
6034954,10
6034955,10
6034956,8
6034957,10
6034960,1
6034961,7
6034965,8
6034969,1
6034971,10
6034972,1
6034974,7
6034975,7
6034977,10
6034978,10
6034985,10
6034987,10
6034990,2
6034991,2
6034992,2
6034993,2
6034994,2
6034995,2
6034996,2
6034997,2
6034998,2
6034999,2
6035000,2
6035001,2
6035002,10
6035003,10
6035009,9
6035010,9
6035012,9
6035013,8
6035014,10
6035024,3
6035025,2
6035026,2
6035027,4
6035028,3
6035031,2
6035032,2
6035034,10
6035035,2
6035036,2
6035046,8
6035050,7
6035052,6
6035055,6
6035056,6
6035057,6
6035058,6
6035059,5
6035060,6
6035062,6
6035063,6
6035064,6
6035065,6
6035066,10
6035068,10
6035070,10
6035071,10
6035072,10
6035073,10
6035074,10
6035075,10
6035078,10
6035079,10
6035081,10
6035082,10
6035085,1
6035086,1
6035087,1
6035088,3
6035090,3
6035096,10
6035098,2
6035099,2
6035100,2
6035101,2
6035102,4
6035103,4
6035104,4
6035105,4
6035106,4
6035107,4
6035108,4
6035109,4
6035114,10
6035116,3
6035118,3
6035119,3
6035120,3
6035121,10
6035122,10
6035128,4
6035195,4
6035211,10
6035226,4
6035230,5
6035234,9
6035237,5
6035238,5
6035239,5
6035249,4
6035250,3
6035251,3
6035252,3
6035253,3
6035254,3
6035255,3
6035256,3
6035257,3
6035258,3
6035259,3
6035261,3
6035262,3
6035263,3
6035264,3
6035265,3
6035269,6
6035274,6
6035282,8
6035289,6
6035293,3
6035295,3
6035296,3
6035297,3
6035298,3
6035299,3
6035300,3
6035302,2
6035303,2
6035304,2
6035305,2
6035310,2
6035313,2
6035314,2
6035315,2
6035316,2
6035319,2
6035321,8
6035322,8
6035329,8
6035330,6
6035332,7
6035336,10
6035338,10
6035339,10
6035340,10
6035341,10
6035353,7
6035357,2
6035358,3
6035359,8
6035365,10
6035422,3
6035429,10
6035435,8
6035436,3
6035438,9
6035449,7
6035452,7
6035453,10
6035455,8
6035456,10
6035478,10
6035479,9
6035482,5
6035483,10
6035486,3
6035487,2
6035490,10
6035491,10
6035492,7
6035496,4
6035497,7
6035498,10
6035499,5
6035500,7
6035502,10
6035503,10
6035505,10
6035507,4
6035508,8
6035510,2
6035511,2
6035512,2
6035513,2
6035520,1
6035521,1
6035523,2
6035525,2
6035526,2
6035527,2
6035528,4
6035529,4
6035539,4
6035540,4
6035541,4
6035542,5
6035543,4
6035548,1
6035549,1
6035550,1
6035551,10
6035593,8
6035594,10
6035595,10
6035597,7
6035604,7
6035605,1
6035610,4
6035617,8
6035631,10
6035633,7
6035638,10
6035642,1
6035646,9
6035658,7
6035662,4
6035665,6
6035666,6
6035675,10
6035677,8
6035679,10
6035682,6
6035683,8
6035684,6
6035685,6
6035709,6
6035710,9
6035711,6
6035720,5
6035721,4
6035729,2
6035739,4
6035748,6
6035750,10
6035751,8
6035754,1
6035758,9
6035761,6
6035762,7
6035763,6
6035764,6
6035767,6
6035768,9
6035769,4
6035772,10
6035773,8
6035775,8
6035785,9
6035802,10
6035803,10
6035804,8
6035805,10
6035806,10
6035807,10
6035808,10
6035809,10
6035810,10
6035811,10
6035821,9
6035825,4
6035828,9
6035829,6
6035831,3
6035833,9
6035834,10
6035835,10
6035836,9
6035837,9
6035839,10
6035840,9
6035841,9
6035842,9
6035843,9
6035844,9
6035846,9
6035863,3
6035867,7
6035869,8
6035870,2
6035875,6
6035877,3
6035881,10
6035882,4
6035886,2
6035887,2
6035893,10
6035895,1
6035898,10
6035904,1
6035905,10
6035909,5
6035912,5
6035914,2
6035918,10
6035920,9
6035922,2
6035924,9
6035930,10
6035933,3
6035937,4
6035938,7
6035940,3
6035941,3
6035942,3
6035943,3
6035944,3
6035955,3
6035958,3
6035959,10
6035972,3
6035975,3
6035976,3
6035977,3
6035987,3
6035988,2
6035995,3
6035996,5
6035998,3
6035999,4
6036002,3
6036005,4
6036008,8
6036009,10
6036010,2
6036011,10
6036015,4
6036017,3
6036019,5
6036021,1
6036022,1
6036023,1
6036024,1
6036025,1
6036031,5
6036034,10
6036035,10
6036041,4
6036043,8
6036046,8
6036047,3
6036048,7
6036054,2
6036055,2
6036056,5
6036059,9
6036061,2
6036062,3
6036063,2
6036064,2
6036065,2
6036066,3
6036067,2
6036068,2
6036070,1
6036071,1
6036072,1
6036073,1
6036076,8
6036077,8
6036078,5
6036079,4
6036083,8
6036084,5
6036085,3
6036090,7
6036093,5
6036094,5
6036098,2
6036100,1
6036102,8
6036103,8
6036104,8
6036105,8
6036106,6
6036108,8
6036109,8
6036110,8
6036111,8
6036112,3
6036115,7
6036117,7
6036118,5
6036123,6
6036124,6
6036125,1
6036126,4
6036131,1
6036132,10
6036144,2
6036148,10
6036149,1
6036152,3
6036154,7
6036157,10
6036160,4
6036161,2
6036163,10
6036165,7
6036167,5
6036171,1
6036175,3
6036179,4
6036184,5
6036190,4
6036191,2
6036193,4
6036194,10
6036197,6
6036208,6
6036211,3
6036213,6
6036215,10
6036219,3
6036224,10
6036228,10
6036235,6
6036237,4
6036242,5
6036245,10
6036249,3
6036251,10
6036255,6
6036257,10
6036267,6
6036272,5
6036276,6
6036279,9
6036280,3
6036283,10
6036287,6
6036295,10
6036302,6
6036303,4
6036310,8
6036315,5
6036324,9
6036325,2
6036327,4
6036330,4
6036331,4
6036332,10
6036333,10
6036334,10
6036335,10
6036336,10
6036337,10
6036338,10
6036339,10
6036340,10
6036341,10
6036343,3
6036344,7
6036345,4
6036346,6
6036347,4
6036357,7
6036358,8
6036359,7
6036360,7
6036361,9
6036362,8
6036364,4
6036366,4
6036372,6
6036373,5
6036374,10
6036375,10
6036376,10
6036377,10
6036378,7
6036379,2
6036390,10
6036393,2
6036397,2
6036399,2
6036400,2
6036401,2
6036402,2
6036403,2
6036404,2
6036405,8
6036409,7
6036410,7
6036411,6
6036412,7
6036413,7
6036414,7
6036415,7
6036419,7
6036422,10
6036423,2
6036424,2
6036425,8
6036458,3
6036460,8
6036461,5
6036468,6
6036472,7
6036474,8
6036475,4
6036478,10
6036481,7
6036483,6
6036485,3
6036486,10
6036487,9
6036490,7
6036492,10
6036494,10
6036497,7
6036499,9
6036505,10
6036507,3
6036512,10
6036519,2
6036553,10
6036578,8
6036580,2
6036582,4
6036584,5
6036585,9
6036586,4
6036587,4
6036588,4
6036590,10
6036593,10
6036594,9
6036597,6
6036598,8
6036599,7
6036604,10
6036605,10
6036606,10
6036607,9
6036608,10
6036609,3
6036610,3
6036611,2
6036612,3
6036613,3
6036614,3
6036617,2
6036618,2
6036619,2
6036620,2
6036621,3
6036622,2
6036623,2
6036624,10
6036625,10
6036626,2
6036627,2
6036628,2
6036629,2
6036630,2
6036631,2
6036632,2
6036649,9
6036650,10
6036654,10
6036655,4
6036662,2
6036663,2
6036664,3
6036665,3
6036666,2
6036667,2
6036668,10
6036669,2
6036670,2
6036671,9
6036672,9
6036674,10
6036675,2
6036677,10
6036679,10
6036680,9
6036684,10
6036685,10
6036690,10
6036695,7
6036697,7
6036699,6
6036700,6
6036702,6
6036703,6
6036704,6
6036705,6
6036707,10
6036709,10
6036710,10
6036711,10
6036713,10
6036715,1
6036716,1
6036717,1
6036718,1
6036720,3
6036725,2
6036727,4
6036728,4
6036729,4
6036733,3
6036734,3
6036735,3
6036736,10
6036737,10
6036826,9
6036830,6
6036842,4
6036843,4
6036844,4
6036845,4
6036847,5
6036848,5
6036849,5
6036853,5
6036854,9
6036860,5
6036862,5
6036863,6
6036867,3
6036868,10
6036869,9
6036873,3
6036874,3
6036875,3
6036876,3
6036877,3
6036878,3
6036879,3
6036880,3
6036881,3
6036882,3
6036883,3
6036884,3
6036890,8
6036906,3
6036907,4
6036909,3
6036910,3
6036911,3
6036912,7
6036913,6
6036914,3
6036915,5
6036916,2
6036921,2
6036922,2
6036925,2
6036928,2
6036929,2
6036930,3
6036936,5
6036939,2
6036940,1
6036941,1
6036942,9
6036943,8
6036944,9
6036945,8
6036949,7
6036950,4
6036952,10
6036953,10
6036962,3
6036964,5
6036967,2
6036969,9
6036971,4
6036972,4
6037013,3
6037030,10
6037033,7
6037035,8
6037037,10
6037050,10
6037051,5
6037053,10
6037055,7
6037070,10
6037072,3
6037073,10
6037074,5
6037075,6
6037076,10
6037080,2
6037082,2
6037089,1
6037096,1
6037098,1
6037099,10
6037105,9
6037107,1
6037116,7
6037117,10
6037123,5
6037124,4
6037125,4
6037126,4
6037135,4
6037137,4
6037138,4
6037139,7
6037144,3
6037146,9
6037197,5
6037198,8
6037219,3
6037226,8
6037227,3
6037228,3
6037232,7
6037239,6
6037243,6
6037244,3
6037248,8
6037290,10
6037291,3
6037292,1
6037316,9
6037318,7
6037322,5
6037323,6
6037325,2
6037329,7
6037330,3
6037334,7
6037338,10
6037348,6
6037386,2
6037387,9
6037391,3
6037393,4
6037396,10
6037409,10
6037416,7
6037428,5
6037431,10
6037432,10
6037434,3
6037439,7
6037440,10
6037441,6
6037442,10
6037443,8
6037444,10
6037445,6
6037447,6
6037448,6
6037451,9
6037452,7
6037453,10
6037456,10
6037457,10
6037466,10
6037475,5
6037486,10
6037487,10
6037488,10
6037489,10
6037490,10
6037491,10
6037503,6
6037506,6
6037509,3
6037510,4
6037511,5
6037513,7
6037515,9
6037516,9
6037519,9
6037534,10
6037536,1
6037540,10
6037542,9
6037544,5
6037549,8
6037553,2
6037554,2
6037555,2
6037557,6
6037558,9
6037560,6
6037562,3
6037563,2
6037565,6
6037566,9
6037568,8
6037576,4
6037577,6
6037581,8
6037582,10
6037590,10
6037591,1
6037597,6
6037598,4
6037601,8
6037604,7
6037605,9
6037609,10
6037611,4
6037613,2
6037614,2
6037619,6
6037621,3
6037622,2
6037623,2
6037627,6
6037636,7
6037637,7
6037638,4
6037639,6
6037640,3
6037643,6
6037647,5
6037651,6
6037652,3
6037653,2
6037654,1
6037655,9
6037658,6
6037659,1
6037662,2
6037667,5
6037674,1
6037675,3
6037676,3
6037677,3
6037687,9
6037689,1
6037690,1
6037691,3
6037692,10
6037694,7
6037700,10
6037708,1
6037709,1
6037711,1
6037720,8
6037724,6
6037727,2
6037728,10
6037734,7
6037741,7
6037743,8
6037745,8
6037747,4
6037749,3
6037750,3
6037751,6
6037754,6
6037755,4
6037758,2
6037759,2
6037760,2
6037761,1
6037762,1
6037763,1
6037764,1
6037765,7
6037766,5
6037767,1
6037768,1
6037769,2
6037770,4
6037776,2
6037778,10
6037779,9
6037783,2
6037784,10
6037796,10
6037802,8
6037803,8
6037804,8
6037805,3
6037807,8
6037808,8
6037809,9
6037810,9
6037811,8
6037814,7
6037815,7
6037818,7
6037821,4
6037822,3
6037825,7
6037826,2
6037827,1
6037829,3
6037833,5
6037834,8
6037840,10
6037843,5
6037845,5
6037858,10
6037860,6
6037862,6
6037865,6
6037866,1
6037868,8
6037869,8
6037871,1
6037873,8
6037874,6
6037882,4
6037885,5
6037893,5
6037896,9
6037900,7
6037902,5
6037903,5
6037907,10
6037910,6
6037915,9
6037918,9
6037921,8
6037923,4
6037935,5
6037937,5
6037938,2
6037939,4
6037947,5
6037952,7
6037954,7
6037963,10
6037964,5
6037965,4
6037969,5
6037970,3
6037971,8
6037975,3
6037980,7
6037988,8
6037989,6
6037992,10
6037993,3
6037995,4
6037997,7
6037999,6
6038008,9
6038013,10
6038014,10
6038017,9
6038022,6
6038023,6
6038024,10
6038025,8
6038026,4
6038031,5
6038032,1
6038033,10
6038035,5
6038036,10
6038037,7
6038038,9
6038045,4
6038047,6
6038049,4
6038051,4
6038052,4
6038054,4
6038055,4
6038056,2
6038062,9
6038063,6
6038064,1
6038065,1
6038070,9
6038071,2
6038077,2
6038123,3
6038124,3
6038125,2
6038127,4
6038156,6
6038160,7
6038161,7
6038165,3
6038167,7
6038186,5
6038192,6
6038193,8
6038198,5
6038199,9
6038210,6
6038236,4
6038237,7
6038251,5
6038274,9
6038275,9
6038281,4
6038282,7
6038299,7
6038300,6
6038311,5
6038321,9
6038322,9
6038327,2
6038328,3
6038338,4
6038339,3
6038341,3
6038342,3
6038343,3
6038345,10
6038346,5
6038347,5
6038349,8
6038350,10
6038352,10
6038355,4
6038360,1
6038376,1
6038386,1
6038436,8
6038437,9
6038442,3
6038463,4
6038464,6
6038470,10
6038473,10
6038474,10
6038476,10
6038477,10
6038482,10
6038490,2
6038491,2
6038492,2
6038493,2
6038495,1
6038496,10
6038498,10
6038499,10
6038500,10
6038501,10
6038502,10
6038503,10
6038504,10
6038507,10
6038509,10
6038510,10
6038511,10
6038512,10
6038513,10
6038514,10
6038515,10
6038516,10
6038517,10
6038518,10
6038519,10
6038526,1
6038530,7
6038531,10
6038532,8
6038533,10
6038534,9
6038535,9
6038536,10
6038537,10
6038538,1
6038539,1
6038561,2
6038562,3
6038563,3
6038564,2
6038565,2
6038566,2
6038567,4
6038569,2
6038573,2
6038574,2
6038575,2
6038577,2
6038578,1
6038579,1
6038580,1
6038627,10
6038628,5
6038666,10
6038668,4
6038673,9
6038674,5
6038700,5
6038704,5
6038705,5
6038706,5
6038707,5
6038730,7
6038731,10
6038732,3
6038779,1
6038817,3
6038819,6
6038823,4
6038829,10
6038830,7
6038836,1
6038840,6
6038842,4
6038850,8
6038873,5
6038877,3
6038890,7
6038891,7
6038892,7
6038893,7
6038894,7
6038895,7
6038896,5
6038897,3
6038898,5
6038900,3
6038901,7
6038902,4
6038903,8
6038904,2
6038907,3
6038908,6
6038911,5
6038912,2
6038913,10
6038915,7
6038916,5
6038920,4
6038923,3
6038924,3
6038925,3
6038926,5
6038927,5
6038929,6
6038932,3
6038934,2
6038941,1
6038942,7
6038947,1
6038948,7
6038949,7
6038963,2
6038964,10
6038965,10
6038966,10
6038967,10
6038968,4
6038970,10
6038971,6
6038976,5
6038978,3
6038982,7
6038983,6
6038984,2
6038987,6
6038990,5
6038993,4
6038994,3
6038995,1
6038996,1
6038997,1
6038998,1
6038999,3
6039001,10
6039002,3
6039004,10
6039005,4
6039006,5
6039007,6
6039008,4
6039009,5
6039010,4
6039011,5
6039013,5
6039014,1
6039015,4
6039016,4
6039018,5
6039020,4
6039021,6
6039024,4
6039026,1
6039027,1
6039029,1
6039033,3
6039034,3
6039036,3
6039037,7
6039039,5
6039042,7
6039046,4
6039052,8
6039062,7
6039122,3
6039123,3
6039124,7
6039125,7
6039126,7
6039127,7
6039130,7
6039131,7
6039132,7
6039133,7
6039134,8
6039135,7
6039136,7
6039149,5
6039151,5
6039153,5
6039155,5
6039165,4
6039167,4
6039170,4
6039176,4
6039189,4
6039191,5
6039192,4
6039199,8
6039201,6
6039202,7
6039204,6
6039207,6
6039208,8
6039234,10
6039242,3
6039314,3
6039315,3
6039316,3
6039317,6
6039318,6
6039323,2
6039328,9
6039329,9
6039330,9
6039331,9
6039332,10
6039333,9
6039334,10
6039342,10
6039343,10
6039344,4
6039345,3
6039346,3
6039349,4
6039353,3
6039371,10
6039386,10
6039387,10
6039388,10
6039389,10
6039390,10
6039392,10
6039394,10
6039395,10
6039396,10
6039408,10
6039417,10
6039449,3
6039450,3
6039451,3
6039452,3
6039453,3
6039454,3
6039456,3
6039458,3
6039470,8
6039474,3
6039475,7
6039476,10
6039490,5
6039508,8
6039509,8
6039529,6
6039543,6
6039544,5
6039547,5
6039569,6
6039570,6
6039571,6
6039572,1
6039573,6
6039574,10
6039601,5
6039606,7
6039607,10
6039609,7
6039611,5
6039612,10
6039613,3
6039614,7
6039616,5
6039619,10
6039620,6
6039621,5
6039622,8
6039623,7
6039624,5
6039626,9
6039627,10
6039629,10
6039631,8
6039633,10
6039634,3
6039636,7
6039637,7
6039638,6
6039639,6
6039640,5
6039641,7
6039654,6
6039655,7
6039657,9
6039658,10
6039659,10
6039661,6
6039662,3
6039664,5
6039665,10
6039666,8
6039667,8
6039668,3
6039669,5
6039670,7
6039673,10
6039680,6
6039696,7
6039703,7
6039705,5
6039708,10
6039737,3
6039760,5
6039761,6
6039762,6
6039772,7
6039776,9
6039778,8
6039779,9
6039780,8
6039781,9
6039782,8
6039783,7
6039792,3
6039793,3
6039795,4
6039797,2
6039800,10
6039803,2
6039804,2
6039805,2
6039806,2
6039807,2
6039808,2
6039809,2
6039810,2
6039817,1
6039818,1
6039819,1
6039820,1
6039821,1
6039822,1
6039823,1
6039824,1
6039825,1
6039826,1
6039827,1
6039828,1
6039829,1
6039830,1
6039831,1
6039832,1
6039833,1
6039834,1
6039835,2
6039836,1
6039837,1
6039845,4
6039848,4
6039849,4
6039852,5
6039854,7
6039861,9
6039862,8
6039864,4
6039865,4
6039866,4
6039867,10
6039886,7
6039895,8
6039898,4
6039903,4
6039906,4
6039908,3
6039933,4
6039934,4
6039935,4
6039936,10
6039944,7
6039945,3
6039946,3
6039949,4
6039950,9
6039953,6
6039963,9
6039964,3
6039965,2
6039967,8
6039968,8
6039969,8
6039970,8
6039971,9
6039972,8
6039974,2
6039975,1
6039977,1
6040119,1
6040121,1
6040122,1
6040130,1
6040138,7
6040186,3
6040205,1
6040206,1
6040210,1
6040211,1
6040212,1
6040221,1
6040235,5
6040374,6
6040375,10
6040390,10
6040391,9
6040392,10
6040397,5
6040403,4
6040422,10
6040428,2
6040432,8
6040434,4
6040437,7
6040439,3
6040440,9
6040455,1
6040456,3
6040457,7
6040458,9
6040461,8
6040464,8
6040466,7
6040469,6
6040492,6
6040493,2
6040494,10
6040495,6
6040497,4
6040498,8
6040499,4
6040503,4
6040513,4
6040514,4
6040517,7
6040519,1
6040522,7
6040530,10
6040541,5
6040546,7
6040547,7
6040548,7
6040549,7
6040551,2
6040553,3
6040555,6
6040556,4
6040558,8
6040559,3
6040560,3
6040563,10
6040566,4
6040567,5
6040569,4
6040572,3
6040584,7
6040586,7
6040591,7
6040592,7
6040597,4
6040598,4
6040599,4
6040604,1
6040607,8
6040612,10
6040613,2
6040614,10
6040615,6
6040618,1
6040619,3
6040623,5
6040626,4
6040627,10
6040634,1
6040636,4
6040642,1
6040643,2
6040644,1
6040645,1
6040646,1
6040647,1
6040648,6
6040649,6
6040650,7
6040653,8
6040654,10
6040655,3
6040658,3
6040659,5
6040660,3
6040662,9
6040664,5
6040666,4
6040670,4
6040672,3
6040676,4
6040677,1
6040678,1
6040679,1
6040680,1
6040681,7
6040682,3
6040686,5
6040687,5
6040699,2
6040767,3
6040768,7
6040769,7
6040770,7
6040771,7
6040772,7
6040773,10
6040774,7
6040775,7
6040776,6
6040777,7
6040778,7
6040779,7
6040788,5
6040791,5
6040805,4
6040809,4
6040822,7
6040823,6
6040825,8
6040826,6
6040848,10
6040851,4
6040852,4
6040854,3
6040928,6
6040929,4
6040931,2
6040935,5
6040938,9
6040939,10
6040940,10
6040941,9
6040942,5
6040943,4
6040956,7
6040957,5
6040959,9
6040962,4
6040968,5
6040983,10
6040985,10
6041003,10
6041004,10
6041005,10
6041006,10
6041007,10
6041008,10
6041009,10
6041011,10
6041014,10
6041036,10
6041037,10
6041074,3
6041075,3
6041076,3
6041077,3
6041079,3
6041081,3
6041082,3
6041098,4
6041099,3
6041100,3
6041102,9
6041129,4
6041131,3
6041132,10
6041141,6
6041161,5
6041163,5
6041195,5
6041197,10
6041198,10
6041199,10
6041227,8
6041231,4
6041232,10
6041233,8
6041234,5
6041235,8
6041237,7
6041238,4
6041239,6
6041241,9
6041249,8
6041252,7
6041253,5
6041254,4
6041255,10
6041256,4
6041258,6
6041259,6
6041261,4
6041262,8
6041263,7
6041264,8
6041265,7
6041266,9
6041278,10
6041287,10
6041288,7
6041289,8
6041295,5
6041296,4
6041297,4
6041298,4
6041299,6
6041300,3
6041323,5
6041327,6
6041356,7
6041357,5
6041359,9
6041360,3
6041361,6
6041362,7
6041363,9
6041364,8
6041365,9
6041366,9
6041367,8
6041369,8
6041370,8
6041373,8
6041376,3
6041378,3
6041380,9
6041382,3
6041383,4
6041388,1
6041389,2
6041390,2
6041391,2
6041394,1
6041395,1
6041396,1
6041397,1
6041398,1
6041399,1
6041400,1
6041401,1
6041402,1
6041403,1
6041404,1
6041405,1
6041406,1
6041407,1
6041408,1
6041409,1
6041410,1
6041411,1
6041412,1
6041413,1
6041414,1
6041415,1
6041416,1
6041417,1
6041418,1
6041419,1
6041434,9
6041443,5
6041444,5
6041458,4
6041467,3
6041470,4
6041488,10
6041493,9
6041496,10
6041497,4
6041501,9
6041504,10
6041508,7
6041516,10
6041517,10
6041523,6
6041524,3
6041526,2
6041535,10
6041536,8
6041543,5
6041544,5
6041547,5
6041548,1
6041552,5
6041555,9
6041561,10
6041562,5
6041563,3
6041565,6
6041566,5
6041567,2
6041568,2
6041569,4
6041572,2
6041574,2
6041575,2
6041576,3
6041583,2
6041584,2
6041585,8
6041587,7
6041588,8
6041589,8
6041640,8
6041642,8
6041645,4
6041650,6
6041652,10
6041653,9
6041655,10
6041657,6
6041661,6
6041663,10
6041664,10
6041669,9
6041670,10
6041671,10
6041675,4
6041676,4
6041678,4
6041679,4
6041681,4
6041682,1
6041683,1
6041687,3
6041688,3
6041694,2
6041695,2
6041696,2
6041699,10
6041703,10
6041704,2
6041705,2
6041710,5
6041711,3
6041712,5
6041724,1
6041725,1
6041729,1
6041732,1
6041742,5
6041743,7
6041746,8
6041747,4
6041748,2
6041751,4
6041752,4
6041753,1
6041758,7
6041813,2
6041856,7
6041857,5
6041862,5
6041863,8
6041864,7
6041865,7
6041866,7
6041871,10
6041890,4
6041901,7
6041902,10
6041916,6
6041926,1
6041935,10
6041939,4
6041940,4
6041946,3
6041947,3
6041948,3
6041949,3
6041954,9
6041960,3
6041963,9
6041975,7
6041985,4
6041988,8
6041994,6
6041995,6
6041996,6
6042005,10
6042006,4
6042014,5
6042016,10
6042018,10
6042044,5
6042045,3
6042046,3
6042047,3
6042051,3
6042052,5
6042053,1
6042063,5
6042090,9
6042092,5
6042097,3
6042098,10
6042099,10
6042113,1
6042114,5
6042116,6
6042118,4
6042122,7
6042126,10
6042128,4
6042134,1
6042137,2
6042139,8
6042144,3
6042145,3
6042146,3
6042147,6
6042149,9
6042150,6
6042151,8
6042152,10
6042155,8
6042156,8
6042157,8
6042160,1
6042161,1
6042163,1
6042223,1
6042270,10
6042271,8
6042272,9
6042276,10
6042277,10
6042279,10
6042280,10
6042281,10
6042282,10
6042285,10
6042293,7
6042295,2
6042296,2
6042297,2
6042298,2
6042299,2
6042300,2
6042301,2
6042302,1
6042303,1
6042304,10
6042306,10
6042307,10
6042308,10
6042309,10
6042310,10
6042311,10
6042312,10
6042313,10
6042314,10
6042315,10
6042316,10
6042317,10
6042319,10
6042323,10
6042325,10
6042330,10
6042331,10
6042332,10
6042333,10
6042337,2
6042338,2
6042341,2
6042342,1
6042346,3
6042347,3
6042353,9
6042355,1
6042356,1
6042357,3
6042361,9
6042363,4
6042375,2
6042376,2
6042377,2
6042378,2
6042379,2
6042380,5
6042381,2
6042382,2
6042383,2
6042384,2
6042386,3
6042387,2
6042388,2
6042390,2
6042391,2
6042394,2
6042396,2
6042397,1
6042398,1
6042413,6
6042443,3
6042468,5
6042470,10
6042473,10
6042496,6
6042498,5
6042501,5
6042506,5
6042507,5
6042535,6
6042539,3
6042540,3
6042541,3
6042542,3
6042543,3
6042653,2
6042654,2
6042655,2
6042660,4
6042661,4
6042662,4
6042664,4
6042665,10
6042666,10
6042667,10
6042668,10
6042669,10
6042671,10
6042673,4
6042674,5
6042676,7
6042677,7
6042685,7
6042686,9
6042687,7
6042688,7
6042690,8
6042691,9
6042693,4
6042695,4
6042697,6
6042699,5
6042700,5
6042701,5
6042702,7
6042703,5
6042705,10
6042706,10
6042707,10
6042708,10
6042709,10
6042710,10
6042735,2
6042737,2
6042738,2
6042739,7
6042742,7
6042743,7
6042744,7
6042746,7
6042747,8
6042748,7
6042749,8
6042750,7
6042756,7
6042758,6
6042759,10
6042761,3
6042763,10
6042764,10
6042765,10
6042766,2
6042767,2
6042768,2
6042769,2
6042775,10
6042803,10
6042804,1
6042805,5
6042824,10
6042825,9
6042826,6
6042827,4
6042829,5
6042831,3
6042832,9
6042833,5
6042836,10
6042837,8
6042839,3
6042840,10
6042841,7
6042843,9
6042844,9
6042845,4
6042848,10
6042849,4
6042850,9
6042851,10
6042852,10
6042857,4
6042861,10
6042870,5
6042892,1
6042893,1
6042905,4
6042908,8
6042911,10
6042927,9
6042928,2
6042930,9
6042931,5
6042934,10
6042937,4
6042943,9
6042944,10
6042946,10
6042947,9
6042949,10
6042950,10
6042951,5
6042954,8
6042955,10
6042958,4
6042959,2
6042961,9
6042965,7
6042968,3
6042969,3
6042970,2
6042972,2
6042973,2
6042974,2
6042975,2
6042976,2
6042977,2
6042978,2
6042979,2
6042980,2
6042981,2
6042982,2
6042983,2
6042984,10
6042985,10
6042988,2
6042990,2
6042996,10
6043001,6
6043002,10
6043003,4
6043010,2
6043011,2
6043012,2
6043013,2
6043014,2
6043015,2
6043016,2
6043017,10
6043019,8
6043025,10
6043026,10
6043027,10
6043028,8
6043031,8
6043035,7
6043036,6
6043037,6
6043038,10
6043039,6
6043040,6
6043041,6
6043042,6
6043043,6
6043044,6
6043046,6
6043047,6
6043048,6
6043049,6
6043050,6
6043051,6
6043052,6
6043053,10
6043054,10
6043055,10
6043056,10
6043058,10
6043059,10
6043063,3
6043064,3
6043065,3
6043069,10
6043070,9
6043079,10
6043080,3
6043082,3
6043083,3
6043084,3
6043085,10
6043086,10
6043087,10
6043093,4
6043187,10
6043200,8
6043201,4
6043202,4
6043203,4
6043204,6
6043205,5
6043206,5
6043208,5
6043211,3
6043215,4
6043218,4
6043219,5
6043220,4
6043223,4
6043224,3
6043225,3
6043226,3
6043227,3
6043228,3
6043229,3
6043230,3
6043231,3
6043232,3
6043233,3
6043234,3
6043235,3
6043236,3
6043237,3
6043238,3
6043239,3
6043240,3
6043241,3
6043242,3
6043243,3
6043244,3
6043245,3
6043252,6
6043264,6
6043270,3
6043271,3
6043279,6
6043280,10
6043282,6
6043285,9
6043286,5
6043288,4
6043289,5
6043290,6
6043291,3
6043293,3
6043294,4
6043295,5
6043298,6
6043299,5
6043303,5
6043313,10
6043314,10
6043319,10
6043324,2
6043325,5
6043326,7
6043337,1
6043341,7
6043344,6
6043346,3
6043361,10
6043362,10
6043363,9
6043364,9
6043365,9
6043370,5
6043373,4
6043374,3
6043377,10
6043379,9
6043383,4
6043388,4
6043389,4
6043395,1
6043396,1
6043398,6
6043399,8
6043401,9
6043405,9
6043406,7
6043425,5
6043432,7
6043434,2
6043435,1
6043436,10
6043442,5
6043443,5
6043451,10
6043452,9
6043460,7
6043462,5
6043476,10
6043477,10
6043478,8
6043481,7
6043503,10
6043504,10
6043505,10
6043506,10
6043507,10
6043508,10
6043514,5
6043516,6
6043517,3
6043520,8
6043522,4
6043523,8
6043526,4
6043528,10
6043529,9
6043530,9
6043531,9
6043533,9
6043534,10
6043554,3
6043559,3
6043560,8
6043561,10
6043562,8
6043564,10
6043571,7
6043572,8
6043573,2
6043577,10
6043580,3
6043582,8
6043584,7
6043587,10
6043594,6
6043597,6
6043599,7
6043600,3
6043603,8
6043605,10
6043608,4
6043610,7
6043613,6
6043616,5
6043618,4
6043619,8
6043621,10
6043626,2
6043630,6
6043631,4
6043632,8
6043633,6
6043636,3
6043638,3
6043640,7
6043642,5
6043645,9
6043651,6
6043652,5
6043653,4
6043654,3
6043655,2
6043656,3
6043657,2
6043658,3
6043659,3
6043672,6
6043673,8
6043674,2
6043675,7
6043679,4
6043681,3
6043687,9
6043688,5
6043690,7
6043692,6
6043693,10
6043694,8
6043696,4
6043702,9
6043706,3
6043710,4
6043715,6
6043717,4
6043722,5
6043724,9
6043726,2
6043729,7
6043737,1
6043738,1
6043739,1
6043740,1
6043741,1
6043742,7
6043749,2
6043750,3
6043751,5
6043752,3
6043759,7
6043764,1
6043765,10
6043770,3
6043773,2
6043774,2
6043775,2
6043776,2
6043777,2
6043778,3
6043780,1
6043781,4
6043782,1
6043783,1
6043785,7
6043787,2
6043793,3
6043794,4
6043797,6
6043800,10
6043801,6
6043805,9
6043806,8
6043807,8
6043808,8
6043809,8
6043810,8
6043811,8
6043813,8
6043814,8
6043815,8
6043816,8
6043817,8
6043819,4
6043821,3
6043822,3
6043827,5
6043828,1
6043830,3
6043838,3
6043839,10
6043841,8
6043853,3
6043856,10
6043857,4
6043858,8
6043862,4
6043863,7
6043868,10
6043869,6
6043876,9
6043889,7
6043892,4
6043896,3
6043897,8
6043898,6
6043900,4
6043913,4
6043919,8
6043924,5
6043930,6
6043933,6
6043935,7
6043937,4
6043939,5
6043940,7
6043943,8
6043949,10
6043950,2
6043954,5
6043955,9
6043957,8
6043959,3
6043975,7
6043980,5
6043984,6
6043987,5
6043990,10
6043992,10
6043993,8
6043994,4
6044001,5
6044002,6
6044003,10
6075758,3
6075764,6
6075770,8
6075771,8
6075773,8
6075784,6
6075785,7
6075786,7
6075787,10
6075819,1
6075820,1
6075821,1
6075823,5
6075824,10
6075825,10
6075826,4
6075827,8
6075828,5
6075829,10
6075835,4
6075839,1
6075840,1
6075841,1
6075842,1
6075843,1
6075844,2
6075845,2
6075846,2
6075847,2
6075848,2
6075849,2
6075862,2
6075865,6
6075866,2
6075867,2
6075879,4
6075881,3
6075883,6
6075894,5
6075911,10
6075912,2
6075929,8
6075932,5
6075933,1
6075935,10
6075940,3
6075965,6
6075978,4
6075986,10
6075992,10
6075993,3
6075995,3
6075996,3
6075997,2
6075998,1
6075999,1
6076000,1
6076001,2
6076002,1
6076003,2
6076004,2
6076010,3
6076011,3
6076012,3
6076013,3
6076014,3
6076015,3
6076016,3
6076020,2
6076021,2
6076022,3
6076041,4
6076046,7
6076050,1
6076051,10
6076061,9
6076067,5
6076069,7
6076070,5
6076074,3
6076078,3
6076084,9
6076088,6
6076096,5
6076097,5
6076098,5
6076099,5
6076101,4
6076104,4
6076105,4
6076106,4
6076109,6
6076111,3
6076112,8
6076113,8
6076117,3
6076118,3
6076119,3
6076120,3
6076121,3
6076122,3
6076127,6
6076128,4
6076135,4
6076138,1
6076144,8
6076151,1
6076152,1
6076153,9
6076154,9
6076155,9
6076156,9
6076157,9
6076158,9
6076159,5
6076160,7
6076161,6
6076162,8
6076164,6
6076203,6
6076208,8
6076209,10
6076222,3
6076228,6
6076229,3
6076230,9
6076231,5
6076232,6
6076234,4
6076235,4
6076238,6
6076240,5
6076246,5
6076255,5
6076262,9
6076265,7
6076266,8
6076272,6
6076290,5
6076299,4
6076321,6
6076330,10
6076345,8
6076351,9
6076352,9
6076353,10
6076359,8
6076360,7
6076361,7
6076369,9
6076378,3
6076385,3
6076393,10
6076395,8
6076405,9
6076407,10
6076408,10
6076409,10
6076410,10
6076411,10
6076412,10
6076413,10
6076414,10
6076415,10
6076416,2
6076417,3
6076418,3
6076419,2
6076420,2
6076421,2
6076423,2
6076424,2
6076426,2
6076427,2
6076449,10
6076453,10
6076462,9
6076470,2
6076471,4
6076479,1
6076494,2
6076495,2
6076496,2
6076497,2
6076498,2
6076499,2
6076500,2
6076501,2
6076502,2
6076503,2
6076504,1
6076505,1
6076516,2
6076517,1
6076518,1
6076519,1
6076520,1
6076521,1
6076522,1
6076523,1
6076524,10
6076525,10
6076526,9
6076527,10
6076528,10
6076529,10
6076532,4
6076547,10
6076549,3
6076552,7
6076559,1
6076560,1
6076561,1
6076562,1
6076563,1
6076564,1
6076565,1
6076566,1
6076567,1
6076568,1
6076569,1
6076570,1
6076580,1
6076581,1
6076582,1
6076584,1
6076585,1
6076586,1
6076587,1
6076588,1
6076589,1
6076590,1
6076591,1
6076592,1
6076593,1
6076594,1
6076595,1
6076598,1
6076599,1
6076600,1
6076601,1
6076602,1
6076604,1
6076623,6
6076646,5
6076648,8
6076652,3
6076653,9
6076654,1
6076655,1
6076656,1
6076657,1
6076675,2
6076685,2
6076694,9
6076695,9
6076696,9
6076702,9
6076707,2
6076708,9
6076709,1
6076710,1
6076711,1
6076712,1
6076716,7
6076717,6
6076718,4
6076719,4
6076721,3
6076722,4
6076723,4
6076724,4
6076725,4
6076726,4
6076759,10
6076764,5
6076766,4
6076767,2
6076768,2
6076769,2
6076770,2
6076771,2
6076772,2
6076773,2
6076778,2
6076779,2
6076780,2
6076781,2
6076782,2
6076783,2
6076789,4
6076790,4
6076791,4
6076792,4
6076793,5
6076794,5
6076795,4
6076796,4
6076797,4
6076798,4
6076799,4
6076800,9
6076801,5
6076802,5
6076851,2
6076857,2
6076858,2
6076859,4
6076894,7
6076905,1
6076906,1
6076907,1
6076908,1
6076910,8
6076913,8
6076927,3
6076929,10
6076932,5
6076935,8
6076941,3
6076942,1
6076947,5
6076949,2
6076951,8
6076953,8
6076955,9
6076958,4
6076976,7
6076979,3
6076982,4
6076983,4
6076984,7
6077001,6
6077033,3
6077036,3
6077037,3
6077040,6
6077041,6
6077062,3
6077065,2
6077066,2
6077068,2
6077069,2
6077070,2
6077071,2
6077074,2
6077076,2
6077079,2
6077082,2
6077085,2
6077090,6
6077092,5
6077093,5
6077094,5
6077095,5
6077096,5
6077097,5
6077098,5
6077099,5
6077100,5
6077101,5
6077119,4
6077126,4
6077134,4
6077140,3
6077141,4
6077182,1
6077186,2
6077191,5
6077193,2
6077194,2
6077195,2
6077196,1
6077198,2
6077199,2
6077205,5
6077229,6
6077236,8
6077237,6
6077238,6
6077240,4
6077245,2
6077246,3
6077250,9
6077252,10
6077254,7
6077259,9
6077260,4
6077324,4
6077325,4
6077326,1
6077327,1
6077328,1
6077329,1
6077330,1
6077331,1
6077332,1
6077333,1
6077334,1
6077351,4
6077374,1
6077380,4
6077382,10
6077383,10
6077390,6
6077393,2
6077395,3
6077399,6
6077401,4
6077404,1
6077408,10
6077410,1
6077422,4
6077423,10
6077425,4
6077427,3
6077439,10
6077440,10
6077452,4
6077453,4
6077455,4
6077456,2
6077457,2
6077459,2
6077461,10
6077465,3
6077473,2
6077477,1
6077489,1
6077497,4
6077498,5
6077504,3
6077512,7
6077513,7
6077525,8
6077572,3
6077573,7
6077577,4
6077578,4
6077579,1
6077623,4
6077627,4
6077631,10
6077635,10
6077645,4
6077647,2
6077648,2
6077649,2
6077650,2
6077651,2
6077652,7
6077653,2
6077654,2
6077673,10
6077686,5
6077700,2
6077713,3
6077718,4
6077719,4
6077774,3
6077780,8
6077781,10
6077807,5
6077811,9
6077812,3
6077844,10
6077856,9
6077857,10
6077858,4
6077860,10
6077861,1
6077862,3
6077863,4
6077864,4
6077866,4
6077877,6
6077880,10
6077881,10
6077888,10
6077890,3
6077891,3
6077892,3
6077893,3
6078000,3
6078002,5
6078003,6
6078008,7
6078011,9
6078012,5
6078017,7
6078029,10
6078030,10
6078031,10
6078033,10
6078034,10
6078035,10
6078038,10
6078039,10
6078040,10
6078046,1
6078047,6
6078087,4
6078093,3
6078094,3
6078095,4
6078096,3
6078097,3
6078129,10
6078156,4
6078159,5
6078161,9
6078163,4
6078164,10
6078165,5
6078166,5
6078167,5
6078168,5
6078169,4
6078170,4
6078171,4
6078172,4
6078173,4
6078186,10
6078190,2
6078191,2
6078192,1
6078193,1
6078194,1
6078195,1
6078196,4
6078217,9
6078225,10
6078226,5
6078242,4
6078245,4
6078252,10
6078260,4
6078261,4
6078262,4
6078275,7
6078278,2
6078311,10
6078319,2
6078327,10
6078350,10
6078351,7
6078358,1
6078364,3
6078375,2
6078376,1
6078377,1
6078378,4
6078405,5
6078407,6
6078413,10
6078414,8
6078415,8
6078416,8
6078455,7
6078456,4
6078491,6
6078502,2
6078508,8
6078509,1
6078510,10
6078521,4
6078525,3
6078526,3
6078527,3
6078528,3
6078529,3
6078530,3
6078531,3
6078532,3
6078533,3
6078534,3
6078535,3
6078541,10
6078546,2
6078547,8
6078549,7
6078554,10
6078556,6
6078569,3
6078579,5
6078591,5
6078593,10
6078603,6
6078617,3
6078620,3
6078621,9
6078628,5
6078629,3
6078630,3
6078632,3
6078633,3
6078634,5
6078656,4
6078657,3
6078665,7
6078694,2
6078695,2
6078708,10
6078713,5
6078714,6
6078716,3
6078724,3
6078725,3
6078729,3
6078736,3
6078737,5
6078753,2
6078754,3
6078755,3
6078756,3
6078757,3
6078758,3
6078759,3
6078760,3
6078761,1
6078762,3
6078763,1
6078764,3
6078765,3
6078766,3
6078801,4
6078802,3
6078803,3
6078804,3
6078805,3
6078806,3
6078807,3
6078808,3
6078809,3
6078810,3
6078811,3
6078812,3
6078813,8
6078814,8
6078815,8
6078816,8
6078817,8
6078818,6
6078819,6
6078820,6
6078821,6
6078822,6
6078823,6
6078824,6
6078825,6
6078832,3
6078833,3
6078834,3
6078835,3
6078836,3
6078837,3
6078838,3
6078891,2
6078892,5
6078894,8
6078910,10
6078920,1
6078923,3
6078979,4
6078987,2
6079039,4
6079046,6
6079047,2
6079048,2
6079049,2
6079050,2
6079051,2
6079052,2
6079062,7
6079063,6
6079066,3
6079067,3
6079069,8
6079078,1
6079081,10
6079083,9
6079084,9
6079085,9
6079086,9
6079087,9
6079088,8
6079089,9
6079090,9
6079099,5
6079103,6
6079110,3
6079131,3
6079141,3
6079143,4
6079144,2
6079147,8
6079150,3
6079168,5
6079169,10
6079179,3
6079202,4
6079204,3
6079214,10
6079217,3
6079219,10
6079236,10
6079238,10
6079239,10
6079266,9
6079276,1
6079277,10
6079280,1
6079284,7
6079285,2
6079286,6
6079288,4
6079290,7
6079293,1
6079294,1
6079295,6
6079296,9
6079326,4
6079327,4
6079328,3
6079329,8
6079330,4
6079331,9
6079333,6
6079334,9
6079342,5
6079353,4
6079379,10
6079380,3
6079381,5
6079387,6
6079394,7
6079414,6
6079416,8
6079418,5
6079421,8
6079425,5
6079429,3
6079430,8
6079438,7
6079452,4
6079453,1
6079499,5
6079516,6
6079517,3
6079524,1
6079530,5
6079533,10
6079534,3
6079538,10
6079539,10
6079540,10
6079542,10
6079543,4
6079546,3
6079564,10
6079568,7
6079569,7
6079570,7
6079615,8
6079619,3
6079625,5
6079626,4
6079627,5
6079628,4
6079629,5
6079630,4
6079631,4
6079632,5
6079633,4
6079634,5
6079635,4
6079636,4
6079637,5
6079638,4
6079639,5
6079640,4
6079641,4
6079642,5
6079810,6
6079811,5
6079813,6
6079814,5
6079815,5
6079816,5
6079817,6
6079818,5
6079819,5
6079820,5
6079823,3
6079824,3
6079825,3
6079826,3
6079828,3
6079829,3
6079830,3
6079831,3
6079832,3
6079833,3
6079838,5
6079839,10
6079850,7
6079857,10
6079863,3
6079865,5
6079885,3
6079891,10
6079895,8
6079897,7
6079901,4
6079902,10
6079903,3
6079907,7
6079915,5
6079939,4
6079941,6
6079942,3
6079943,6
6079944,3
6079946,4
6079947,10
6079953,4
6079962,9
6079963,10
6079964,7
6079966,6
6079976,9
6079977,1
6079978,7
6079991,4
6079993,3
6079995,9
6079996,10
6079997,2
6079998,2
6079999,2
6080008,10
6080011,6
6080014,4
6080015,3
6080020,3
6080021,2
6080022,3
6080023,3
6080024,3
6080026,3
6080027,7
6080030,8
6080037,10
6080046,9
6080049,4
6080057,7
6080058,8
6080088,2
6080089,2
6080090,8
6080091,8
6080095,2
6080096,1
6080097,1
6080098,1
6080099,2
6080100,1
6080101,1
6080102,1
6080103,1
6080104,1
6080107,1
6080108,1
6080110,8
6080111,8
6080114,4
6080115,10
6080177,5
6080189,10
6080192,10
6080193,10
6080195,5
6080196,6
6080206,4
6080208,6
6080209,3
6080230,5
6080231,5
6080232,5
6080233,5
6080234,5
6080235,5
6080254,7
6080267,5
6080274,5
6080275,5
6080276,5
6080277,5
6080278,5
6080279,5
6080280,5
6080282,4
6080283,1
6080284,1
6080285,4
6080310,10
6080311,10
6080337,5
6080338,5
6080339,5
6080340,5
6080341,5
6080342,5
6080343,5
6080344,5
6080345,5
6080346,5
6080347,5
6080348,5
6080349,5
6080350,5
6080351,5
6080352,5
6080353,5
6080354,5
6080355,5
6080356,5
6080357,5
6080365,5
6080366,5
6080367,5
6080370,5
6080372,5
6080373,5
6080374,5
6080375,5
6080376,5
6080377,5
6080378,5
6080379,5
6080381,5
6080382,10
6080383,10
6080384,10
6080385,10
6080386,10
6080387,10
6080388,10
6080390,10
6080391,10
6080392,10
6080393,10
6080394,5
6080396,6
6080398,6
6080399,6
6080400,6
6080401,6
6080402,5
6080421,9
6080422,10
6080442,6
6080450,9
6080455,4
6080458,6
6080473,1
6080474,5
6080483,10
6080486,2
6080488,2
6080491,2
6080492,2
6080493,2
6080497,2
6080500,2
6080504,2
6080505,2
6080510,2
6080516,2
6080518,2
6080520,2
6080524,2
6080532,5
6080533,5
6080534,5
6080537,6
6080538,6
6080539,6
6080540,6
6080541,6
6080549,1
6080570,4
6080572,2
6080577,2
6080579,2
6080585,3
6080586,5
6080587,4
6080591,4
6080616,4
6080617,7
6080622,1
6080624,8
6080628,3
6080631,6
6080632,3
6080636,4
6080638,4
6080641,1
6080642,5
6080644,6
6080646,7
6080648,3
6080649,6
6080650,9
6080653,3
6080666,7
6080667,10
6080674,10
6080687,3
6080689,6
6080692,1
6080693,1
6080694,1
6080695,1
6080696,1
6080697,3
6080700,4
6080707,3
6080710,10
6080712,3
6080714,2
6080715,3
6080723,10
6080727,3
6080728,3
6080730,3
6080732,3
6080734,1
6080744,6
6080745,3
6080746,5
6080751,10
6080760,5
6080767,3
6080780,10
6080798,8
6080799,2
6080806,10
6080808,2
6080809,2
6080810,2
6080811,2
6080812,2
6080813,2
6080814,2
6080815,2
6080816,2
6080817,3
6080818,10
6080819,6
6080823,4
6080824,5
6080825,3
6080826,4
6080828,4
6080829,9
6080832,10
6080834,9
6080837,4
6080868,10
6080875,4
6080876,4
6080880,5
6080883,2
6080884,2
6080885,5
6080888,6
6080890,10
6080891,5
6080892,5
6080897,10
6080907,2
6080909,2
6080910,2
6080912,3
6080914,3
6080916,3
6080924,10
6080928,5
6080931,2
6080938,1
6080942,9
6080949,5
6080952,1
6080963,6
6080974,10
6080980,5
6080981,3
6080989,4
6080995,6
6081001,3
6081006,9
6081009,4
6081016,5
6081020,10
6081021,10
6081022,10
6081023,3
6081024,3
6081030,10
6081031,6
6081036,10
6081037,3
6081038,1
6081044,10
6081045,4
6081047,5
6081048,3
6081049,5
6081054,4
6081056,3
6081063,3
6081064,2
6081071,10
6081072,9
6081073,9
6081074,10
6081075,6
6081076,10
6081077,5
6081078,7
6081081,7
6081083,4
6081084,4
6081087,10
6081088,4
6081109,10
6081110,9
6081111,5
6081112,5
6081113,5
6081116,5
6081117,5
6081118,8
6081119,4
6081120,4
6081121,4
6081123,4
6081126,7
6081128,4
6081135,8
6081137,6
6081138,9
6081139,5
6081141,6
6081142,2
6081153,6
6081154,7
6081155,5
6081156,3
6081163,9
6081165,3
6081169,7
6081172,4
6081173,4
6081178,7
6081181,5
6081182,6
6081187,4
6081211,5
6081242,5
6081248,3
6081254,10
6081262,9
6081263,6
6081264,6
6081267,5
6081268,5
6081269,5
6081270,5
6081271,5
6081272,5
6081279,3
6081284,7
6081285,7
6081286,7
6081287,6
6081288,6
6081289,6
6081290,6
6081291,6
6081292,7
6081293,5
6081294,5
6081295,10
6081296,10
6081298,3
6081299,2
6081301,10
6081302,3
6081304,10
6081307,4
6081309,4
6081310,4
6081311,4
6081312,4
6081313,4
6081314,4
6081315,4
6081317,10
6081318,10
6081321,3
6081323,4
6081324,4
6081326,4
6081327,4
6081328,4
6081329,4
6081330,4
6081336,4
6081337,4
6081338,4
6081339,4
6081340,4
6081341,1
6081347,4
6081350,6
6081375,2
6081376,2
6081378,2
6081379,2
6081380,2
6081381,2
6081382,2
6081383,2
6081384,2
6081385,2
6081386,2
6081387,2
6081388,2
6081389,2
6081390,2
6081394,5
6081395,7
6081399,3
6081401,10
6081409,4
6081436,1
6081442,1
6081450,2
6081451,2
6081459,1
6081462,2
6081463,4
6081464,4
6081465,4
6081466,4
6081467,4
6081468,4
6081470,1
6081473,3
6081474,3
6081486,10
6081495,6
6081496,10
6081515,5
6081522,3
6081525,5
6081528,4
6081531,3
6081532,3
6081533,10
6081534,10
6081536,10
6081538,1
6081539,1
6081540,1
6081558,6
6081562,3
6081565,3
6081566,3
6081567,3
6081569,3
6081570,2
6081571,3
6081574,3
6081575,3
6081577,3
6081578,3
6081579,3
6081581,3
6081582,3
6081583,2
6081584,2
6081586,4
6081603,5
6081604,5
6081606,5
6081607,8
6081635,1
6081657,9
6081667,2
6081668,10
6081676,7
6081677,7
6081680,3
6081683,2
6081689,2
6081695,6
6081703,7
6081705,4
6081710,7
6081711,6
6081714,10
6081720,7
6081722,7
6081727,2
6081731,5
6081753,4
6081754,4
6081755,4
6081756,4
6081757,4
6081759,4
6081761,4
6081762,4
6081768,3
6081778,4
6081779,3
6081781,5
6081786,2
6081788,3
6081792,4
6081796,7
6081804,7
6081805,10
6081807,5
6081859,10
6081861,3
6081869,5
6081871,4
6081872,4
6081875,3
6081888,3
6081897,6
6081919,3
6081920,3
6081921,4
6081939,10
6081940,10
6081941,10
6081942,10
6081969,8
6081970,8
6081980,8
6081981,5
6081982,5
6081983,5
6081984,4
6081994,4
6081995,4
6081997,4
6081999,1
6082050,2
6082059,7
6082062,5
6082068,7
6082073,4
6082079,3
6082085,2
6082086,2
6082087,2
6082088,2
6082089,2
6082090,2
6082091,2
6082092,2
6082093,2
6082096,2
6082097,2
6082098,2
6082099,2
6082100,9
6082101,9
6082102,9
6082103,9
6082104,9
6082105,2
6082106,2
6082107,2
6082108,2
6082109,2
6082110,2
6082111,2
6082117,9
6082118,10
6082119,10
6082120,10
6082121,9
6082122,10
6082131,5
6082136,10
6082138,1
6082157,6
6082158,2
6082159,2
6082174,3
6082176,10
6082189,10
6082222,10
6082226,10
6082261,10
6082302,8
6082303,6
6082305,3
6082308,8
6082341,7
6082358,10
6082359,10
6082360,10
6082361,10
6082362,10
6082363,10
6082364,10
6082365,10
6082366,10
6082367,10
6082368,10
6082369,10
6082370,10
6082371,10
6082372,10
6082373,10
6082374,10
6082375,10
6082376,10
6082377,10
6082378,10
6082379,10
6082380,10
6082381,10
6082382,10
6082383,10
6082384,10
6082386,10
6082387,10
6082389,10
6082390,10
6082399,9
6082402,7
6082403,9
6082454,10
6082456,10
6082457,10
6082463,7
6082464,10
6082529,10
6082537,10
6082540,10
6082544,7
6082545,4
6082557,5
6082558,5
6082559,5
6082560,5
6082581,3
6082588,6
6082590,4
6082628,10
6082629,10
6082630,10
6082631,10
6082632,10
6082633,10
6082634,10
6082639,4
6082653,10
6082658,2
6082684,1
6082691,10
6082699,10
6082771,1
6082772,1
6082797,7
6082800,3
6082830,9
6082831,10
6082833,5
6082834,1
6082835,3
6082837,4
6082838,8
6082840,3
6082844,7
6082863,9
6082864,6
6082868,8
6082878,5
6082879,3
6082883,10
6082884,2
6082885,7
6082887,10
6082903,10
6082906,7
6082921,10
6082935,10
6082941,7
6082942,4
6082943,3
6082944,3
6082946,4
6082950,4
6082952,8
6082954,10
6082958,7
6082959,10
6082961,6
6082962,5
6082963,3
6082964,3
6082965,8
6082971,7
6082972,10
6082986,3
6082987,6
6082989,4
6083012,2
6083016,4
6083017,2
6083039,4
6083045,5
6083048,4
6083050,2
6083051,3
6083055,10
6083068,4
6083069,6
6083136,4
6083148,6
6083151,5
6083152,4
6083153,5
6083156,3
6083160,5
6083173,3
6083174,10
6083176,10
6083183,5
6083190,6
6083191,6
6083192,3
6083193,6
6083194,6
6083195,9
6083197,4
6083200,7
6083202,6
6083203,2
6083204,2
6083205,5
6083206,4
6083208,5
6083209,5
6083210,7
6083221,3
6083231,4
6083233,7
6083234,1
6083237,10
6083238,10
6083243,6
6083244,6
6083248,3
6083267,10
6083268,10
6083273,4
6083274,10
6083293,10
6083294,5
6083297,7
6083298,8
6083299,7
6083307,3
6083308,3
6083309,3
6083310,3
6083311,1
6083312,1
6083313,1
6083314,1
6083315,2
6083316,2
6083317,2
6083318,2
6083321,4
6083332,8
6083335,1
6083348,8
6083349,3
6083368,10
6083370,10
6083373,4
6083374,4
6083375,4
6083376,3
6083377,7
6083379,8
6083385,10
6083399,10
6083401,9
6083403,10
6083412,2
6083415,2
6083427,4
6083432,2
6083433,2
6083434,2
6083435,2
6083436,2
6083437,2
6083438,2
6083461,9
6083463,4
6083473,9
6083486,1
6083487,6
6083488,3
6083489,10
6083491,3
6083495,1
6083507,8
6083508,10
6083509,10
6083512,8
6083521,6
6083565,2
6083566,3
6083579,9
6083581,3
6083583,10
6083584,7
6083595,5
6083597,3
6083613,3
6083614,3
6083616,1
6083617,6
6083619,2
6083620,2
6083622,6
6083623,7
6083624,3
6083633,10
6083640,7
6083642,4
6083644,5
6083645,6
6083646,4
6083647,4
6083648,4
6083649,4
6083650,6
6083651,6
6083652,6
6083653,6
6083654,6
6083655,6
6083656,6
6083657,10
6083658,10
6083660,10
6083661,10
6083662,10
6083667,8
6083697,7
6083698,7
6083699,7
6083700,7
6083702,7
6083703,7
6083706,7
6083707,7
6083709,7
6083711,7
6083715,7
6083716,7
6083724,3
6083725,3
6083727,8
6083728,8
6083729,9
6083730,8
6083731,2
6083732,2
6083734,2
6083735,2
6083736,2
6083737,2
6083739,7
6083740,7
6083741,7
6083742,7
6083743,6
6083744,6
6083745,6
6083746,6
6083747,6
6083748,6
6083749,9
6083750,9
6083751,8
6083752,8
6083753,8
6083754,8
6083755,8
6083756,8
6083757,8
6083758,8
6083759,8
6083760,8
6083763,10
6083767,6
6083771,1
6083779,1
6083783,9
6083785,3
6083786,8
6083787,9
6083795,8
6083796,7
6083797,8
6083799,8
6083800,7
6083804,8
6083807,4
6083808,4
6083809,4
6083811,9
6083812,5
6083814,4
6083815,4
6083817,3
6083820,8
6083825,4
6083826,3
6083828,6
6083845,8
6083846,5
6083847,4
6083848,2
6083850,10
6083866,6
6083868,4
6083869,4
6083886,8
6083887,8
6083888,8
6083890,8
6083891,8
6083894,3
6083898,8
6083903,5
6083904,5
6083932,10
6083933,10
6083934,10
6083946,4
6083948,10
6083950,3
6083951,1
6083957,10
6083973,10
6083974,10
6083975,10
6083976,10
6083977,10
6083978,10
6083995,5
6083996,6
6084004,7
6084015,4
6084021,2
6084022,2
6084024,2
6084026,2
6084028,2
6084029,2
6084030,2
6084031,2
6084032,2
6084033,10
6084057,2
6084058,2
6084059,2
6084061,2
6084062,2
6084063,2
6084067,4
6084074,4
6084075,4
6084076,4
6084077,6
6084078,7
6084081,3
6084111,5
6084112,5
6084113,5
6084115,5
6084120,4
6084126,5
6084127,5
6084128,5
6084130,5
6084134,5
6084135,5
6084155,4
6084156,5
6084157,5
6084158,5
6084173,3
6084174,2
6084176,10
6084177,5
6084178,10
6084185,10
6084186,9
6084192,8
6084196,10
6084201,10
6084215,10
6084246,7
6084247,2
6084248,2
6084250,5
6084251,5
6084252,3
6084253,3
6084255,10
6084261,3
6084269,1
6084273,9
6084278,10
6084285,10
6084286,10
6084292,10
6084296,5
6084297,5
6084312,8
6084315,10
6084316,10
6084352,4
6084353,10
6084357,7
6084401,8
6084404,3
6084405,3
6084406,3
6084407,3
6084408,3
6084409,3
6084410,3
6084411,7
6084412,7
6084413,7
6084414,7
6084415,7
6084417,7
6084422,5
6084429,8
6084434,1
6084438,3
6084442,1
6084445,3
6084446,2
6084448,3
6084449,7
6084451,9
6084490,3
6084640,1
6084644,1
6084645,3
6084646,3
6084652,7
6084653,7
6084654,7
6084655,7
6084656,7
6084665,1
6084684,1
6084716,5
6084717,7
6084718,7
6084723,6
6084771,5
6128879,6
6128883,4
6128896,3
6128904,3
6128909,10
6128910,10
6128911,10
6128918,6
6128938,6
6128949,3
6128953,10
6133595,4
6133597,5
6133598,7
6133599,1
6133603,10
6133613,8
6133622,10
6133623,10
6133625,4
6133627,3
6133629,10
6133634,10
6133639,2
6133640,10
6133642,2
6133651,6
6133653,10
6133655,10
6133660,6
6133663,7
6133665,3
6133667,2
6133678,1
6133686,5
6133690,1
6133694,6
6133695,6
6133704,2
6133710,6
6133712,4
6133714,6
6133717,2
6133720,7
6133722,3
6133724,10
6133728,8
6133732,10
6133735,6
6133737,7
6133738,8
6133740,2
6133743,3
6133758,4
6133764,2
6133765,1
6133768,10
6133774,4
6133778,10
6133784,2
6133798,2
6133822,9
6133832,10
6133841,10
6133843,5
6133848,3
6133853,8
6133860,3
6133861,10
6133864,3
6133875,10
6133879,4
6133883,7
6133909,9
6133912,4
6133914,3
6133923,4
6133924,5
6133926,5
6133941,5
6133942,4
6133946,2
6133947,10
6133958,5
6133959,5
6133971,7
6133975,10
6133979,1
6133983,6
6133993,8
6133994,8
6133997,10
6133998,10
6133999,5
6134000,5
6134001,2
6134002,3
6134004,5
6134005,1
6134010,6
6134011,5
6134020,4
6134028,1
6134035,5
6134036,9
6134037,7
6134038,9
6134043,2
6134051,3
6134052,4
6134055,10
6134070,6
6134071,9
6134085,3
6134095,10
6134096,5
6134097,5
6134105,6
6134109,5
6134112,10
6134119,2
6134121,10
6134123,3
6134124,3
6134126,8
6134136,7
6134139,2
6134150,2
6134151,2
6134153,10
6134172,7
6134173,5
6134175,2
6134185,4
6134197,3
6134200,2
6134201,10
6134202,2
6134204,3
6134205,3
6134212,10
6134214,2
6134217,2
6134218,1
6134222,6
6134233,2
6134238,5
6134239,4
6134243,3
6134245,3
6134254,1
6134255,4
6134263,10
6134265,4
6134266,6
6134276,2
6134285,5
6134294,2
6134298,5
6134302,7
6134309,10
6134310,3
6134313,5
6134314,3
6134321,7
6134322,6
6134323,8
6134324,9
6134327,9
6134329,5
6134331,8
6134335,10
6134336,10
6134344,3
6134346,3
6134351,7
6134352,10
6134356,3
6134360,8
6134364,7
6134365,1
6134371,7
6134373,1
6134376,2
6134385,2
6134388,5
6134391,3
6134403,10
6134408,5
6134414,2
6134416,4
6134424,8
6134427,3
6134433,3
6134434,1
6134444,2
6134445,2
6134449,8
6134450,2
6134451,2
6134455,2
6134457,4
6134460,2
6134461,6
6134473,6
6134474,2
6134482,3
6134483,2
6134492,5
6134495,7
6134499,4
6134500,7
6134507,10
6134508,3
6134513,3
6134516,4
6134522,2
6134527,2
6134531,10
6134532,3
6134536,3
6134537,3
6134539,10
6134551,10
6134555,1
6134557,3
6134558,1
6134559,2
6134564,10
6134567,3
6134568,3
6134573,3
6134590,5
6134595,1
6134596,2
6134601,8
6134602,3
6134614,1
6134615,2
6134619,5
6134621,10
6134625,10
6134628,2
6134630,6
6134633,10
6134639,1
6134642,6
6134648,2
6134657,10
6134664,2
6134670,2
6134672,6
6134679,6
6134684,10
6134688,7
6134689,2
6134695,2
6134705,2
6134716,3
6134719,2
6134720,10
6134722,4
6134726,10
6134728,3
6134729,5
6134733,10
6134736,6
6134738,6
6134740,10
6134744,10
6134746,10
6134752,6
6134765,3
6134771,2
6134776,3
6134777,10
6134781,10
6134785,1
6134788,7
6134792,2
6134801,10
6134802,9
6134811,5
6134812,3
6134828,5
6134830,5
6134832,7
6134833,3
6134835,10
6134837,7
6134838,6
6134839,3
6134841,3
6134843,10
6134851,10
6134858,10
6134861,2
6134862,2
6134865,10
6134874,1
6134879,3
6134882,1
6134884,10
6134889,1
6134892,9
6134896,3
6134898,4
6134903,2
6134904,2
6134911,10
6134918,4
6134923,3
6134924,6
6134926,6
6134929,10
6134938,3
6134940,3
6134942,5
6134947,10
6134950,1
6134958,9
6134960,2
6134965,4
6134967,4
6134971,6
6134972,7
6134975,2
6134978,7
6134979,10
6134982,8
6134983,10
6134990,10
6134996,6
6134997,10
6135009,10
6135010,2
6135013,5
6135014,5
6135028,8
6135030,2
6135031,2
6135035,1
6135040,6
6135050,8
6135052,4
6135053,6
6135057,2
6135060,2
6135072,10
6135081,3
6135085,10
6135086,10
6135090,5
6135091,3
6135093,6
6135094,5
6135099,10
6135101,10
6135107,2
6135111,2
6135114,3
6135125,1
6135127,3
6135132,6
6135138,2
6135139,2
6135140,1
6135141,3
6135143,3
6135157,7
6135164,1
6135165,5
6135174,4
6135175,10
6135177,2
6135183,3
6135189,7
6135190,3
6135191,3
6135192,10
6135207,2
6135215,2
6135221,2
6135225,1
6135227,3
6135231,6
6135233,2
6135239,5
6135245,10
6135247,3
6135248,3
6135251,10
6135258,10
6135268,2
6135283,10
6135284,3
6135287,10
6135288,2
6135290,10
6135296,10
6135307,5
6135310,2
6135314,6
6135315,2
6135318,6
6135319,4
6135327,10
6135332,5
6135342,5
6135345,5
6135346,3
6135350,8
6135351,10
6135352,6
6135353,2
6135360,7
6135363,8
6135369,10
6135371,10
6135372,2
6135376,2
6135382,10
6135385,2
6135388,6
6135391,5
6135394,10
6135396,2
6135400,9
6135402,2
6135407,3
6135421,6
6135427,3
6135430,8
6135431,10
6135448,6
6135450,10
6135452,3
6135456,2
6135466,7
6135468,7
6135471,8
6135475,10
6135482,9
6135485,4
6135493,7
6135513,2
6135514,10
6135515,10
6135519,2
6135520,10
6135526,3
6135529,10
6135530,10
6135533,2
6135538,3
6135552,3
6135556,9
6135559,3
6135566,2
6135572,2
6135579,5
6135591,1
6135593,1
6135601,6
6135602,10
6135605,10
6135609,3
6135617,2
6135630,6
6135633,10
6135640,5
6135648,10
6135653,2
6135654,6
6135659,3
6135660,5
6135662,6
6135668,8
6135669,6
6135670,5
6135674,6
6135676,10
6135678,3
6135680,6
6135685,3
6135689,1
6135695,5
6135696,5
6135697,3
6135698,5
6135714,6
6135721,10
6135722,10
6135723,10
6135724,5
6135726,2
6135734,7
6135735,4
6135742,3
6135745,2
6135746,3
6135751,3
6135752,10
6135753,5
6135757,4
6135768,1
6135769,2
6135772,3
6135793,1
6135798,10
6135800,1
6135805,10
6135807,3
6135812,8
6135813,3
6135814,7
6135816,3
6135829,8
6135831,10
6135839,2
6135841,1
6135843,7
6135845,4
6135846,8
6135859,3
6135861,1
6135862,8
6135865,7
6135874,2
6135876,3
6135877,2
6135880,4
6135882,2
6135894,1
6135896,4
6135900,7
6135904,3
6135905,7
6135907,4
6135915,5
6135929,2
6135941,3
6135942,5
6135949,1
6135960,9
6135971,8
6135972,10
6135975,3
6135979,10
6135982,10
6135983,3
6135984,3
6135990,6
6135998,4
6136013,3
6136014,5
6136024,8
6136030,4
6136032,3
6136037,7
6136038,3
6136040,3
6136050,3
6136061,10
6136074,3
6136077,2
6136091,10
6136092,3
6136093,6
6136096,3
6136098,5
6136101,2
6136102,3
6136104,8
6136109,10
6136111,5
6136117,10
6136118,10
6136130,2
6136131,2
6136146,6
6136152,7
6136154,5
6136167,10
6136171,8
6136182,2
6136186,7
6136188,3
6136195,8
6136203,3
6136218,3
6136227,2
6136228,6
6136235,2
6136238,2
6136240,3
6136260,3
6136272,4
6136279,7
6136280,4
6136299,5
6136302,3
6136304,3
6136316,7
6136320,7
6136324,9
6136326,8
6136330,10
6136334,10
6136335,6
6136337,2
6136354,4
6136357,8
6136359,4
6136360,4
6136366,6
6136375,2
6136389,7
6136390,4
6136395,3
6136400,7
6136403,4
6136408,10
6136411,1
6136414,3
6136420,10
6136424,9
6136425,7
6136428,2
6136429,5
6136430,2
6136435,8
6136438,3
6136442,8
6136443,3
6136451,2
6136470,9
6136476,3
6136481,6
6136485,3
6136486,2
6136487,4
6136490,6
6136491,5
6136493,8
6136494,3
6136500,5
6136503,10
6136504,5
6136507,4
6136509,5
6136511,8
6136517,6
6136522,4
6136528,5
6136534,2
6136535,8
6136536,5
6136540,1
6136547,4
6136549,1
6136559,3
6136564,9
6136573,3
6136576,3
6136579,9
6136584,3
6136596,3
6136603,7
6136605,10
6136610,5
6136618,6
6136624,2
6136632,2
6136634,3
6136637,2
6136638,3
6136644,3
6136655,2
6136665,10
6136669,3
6136672,3
6136675,8
6136677,3
6136681,4
6136683,9
6136689,3
6136709,10
6136716,9
6136720,5
6136723,3
6136724,8
6136727,10
6136733,7
6136747,4
6136752,10
6136759,7
6136761,3
6136765,3
6136770,2
6136778,3
6136786,7
6136794,1
6136797,10
6136801,10
6136807,3
6136814,1
6136819,2
6136821,5
6136824,2
6136826,10
6136828,6
6136832,10
6136833,2
6136835,6
6136838,6
6136840,6
6136845,9
6136848,10
6136850,7
6136851,6
6136858,10
6136859,5
6136860,2
6136862,10
6136864,4
6136865,5
6136866,3
6136867,2
6136868,6
6136879,3
6136880,2
6136891,3
6136894,9
6136907,2
6136913,3
6136916,10
6136917,5
6136920,2
6136935,5
6136949,10
6136952,1
6136953,2
6136969,5
6136972,3
6136976,3
6136978,10
6136990,5
6136996,3
6137003,3
6137009,3
6137012,1
6137013,5
6137016,5
6137023,2
6137027,1
6137030,3
6137031,6
6137032,7
6137035,1
6137045,10
6137047,2
6137048,3
6343432,3
6343679,10
6343680,10
6343681,10
6343682,10
6343683,10
6343686,10
6343687,10
6343688,10
6345693,5
6346107,2
6346121,2
6346124,5
6346128,8
6346144,2
6346147,4
6346153,2
6346157,4
6346166,3
6346168,10
6346173,2
6346174,2
6346175,6
6346185,3
6346200,5
6346201,8
6346202,2
6346203,4
6346206,2
6346207,2
6346213,5
6346224,5
6346234,2
6346237,2
6346250,2
6346252,2
6346253,4
6346263,4
6346265,2
6346268,2
6346283,3
6346289,10
6346302,10
6346324,6
6346351,3
6346354,2
6346358,2
6346359,6
6346364,3
6346370,3
6346372,2
6346374,2
6346377,2
6346395,10
6346400,4
6346416,10
6346426,5
6346446,4
6346447,6
6346449,3
6346451,2
6346456,2
6346457,6
6346487,5
6346488,5
6346493,2
6346495,10
6346501,5
6352513,9
6352959,9
6353246,9
6353948,10
6353949,3
6353953,1
6354032,10
6354034,6
6354035,6
6354086,9
6354157,2
6354700,10
6354708,6
6354715,10
6354716,1
6354719,3
6354721,5
6354724,8
6354895,5
6354896,3
6354936,7
6354938,8
6520048,5
6520050,6
6520054,4
6520055,7
6520058,6
6520063,4
6520067,3
6520072,3
6520081,4
6520086,1
6520090,1
6520091,4
6520092,10
6520098,4
6520101,7
6520108,3
6520109,4
6520118,7
6520124,5
6520137,5
6520138,3
6520141,4
6520142,6
6520143,10
6520144,7
6520150,5
6520151,4
6520152,4
6520156,10
6520159,10
6520160,1
6520169,10
6520172,8
6520174,1
6520176,3
6520177,3
6520189,8
6520193,10
6520197,1
6520202,3
6520205,5
6520209,10
6520210,3
6520219,5
6520220,10
6520233,5
6520236,4
6520245,5
6520252,4
6520254,10
6520259,2
6520263,3
6520271,1
6520272,7
6520278,9
6520279,3
6520282,3
6520288,4
6520305,5
6520310,3
6520313,10
6520316,3
6520317,5
6520323,10
6520325,3
6520329,9
6520332,6
6520335,3
6520345,5
6520346,5
6520353,10
6520354,10
6520355,4
6520356,3
6520357,1
6520361,10
6520362,3
6520364,4
6520366,1
6520369,8
6520372,3
6520373,10
6520375,4
6520376,1
6520379,4
6520383,10
6520389,10
6520394,1
6520397,10
6520409,3
6520411,9
6520417,5
6520424,3
6520940,4
6520943,10
6520949,7
6520953,1
6520956,4
6520957,10
6521006,10
6521007,10
6521012,6
6521015,10
6521019,10
6521024,8
6521029,6
6521031,10
6521035,10
6521038,10
6521039,1
6521040,10
6521041,7
6521044,10
6521047,3
6521049,10
6521052,10
6521053,10
6521057,10
6521184,4
6521191,6
6521194,4
6521204,5
6525012,5
6525014,10
6525016,9
6525020,10
6525026,5
6525028,7
6525029,8
6525030,6
6525031,10
6525034,8
6525049,7
6525104,10
6525110,10
6525115,10
6525116,5
6525133,3
6525195,10
6525200,10
6525201,4
6525202,4
6525203,8
6525204,3
6525205,4
6525207,10
6525210,5
6525213,3
6525216,10
6525217,9
6525218,10
6525222,10
6525230,4
6525234,3
6525239,10
6525240,3
6525243,3
6525244,3
6525246,5
6525250,10
6525251,4
6525364,6
6525366,7
6525368,5
6525370,5
6526866,5
6526869,3
6526877,5
6527552,10
6527567,10
6528251,10
6528256,10
6528260,1
6528267,8
6528493,1
6529738,6
6529739,3
6529743,10
6529750,4
6529751,4
6529752,4
6529754,10
6529755,10
6529759,6
6529762,3
6529765,4
6529766,8
6530036,7
6530058,3
6530060,8
6530061,10
6694830,4
6710878,7
6710884,5
6710887,10
6710890,1
6710896,10
6710906,10
6710907,1
6710908,7
6710915,3
6710925,9
6710940,10
6710944,3
6710960,10
6710971,2
6710975,8
6710977,8
6710978,3
6710981,8
6710988,8
6711040,4
6711055,3
6711058,10
6711062,2
6711073,6
6711105,4
6711118,6
6711131,10
6711137,1
6711144,3
6711151,3
6711152,4
6711163,2
6711166,6
6711169,4
6711179,8
6711185,3
6711197,1
6711201,3
6711204,2
6711208,8
6711223,8
6711233,10
6711250,3
6711255,4
6711265,2
6711281,8
6711290,10
6711291,6
6711294,1
6711311,10
6711322,4
6711327,8
6711330,6
6711337,4
6711340,10
6711350,6
6711364,6
6711369,8
6711383,4
6711409,5
6711414,2
6711422,8
6711423,3
6711425,6
6711426,4
6711449,4
6711451,3
6711452,6
6711462,3
6711468,10
6711471,4
6711492,5
6711494,2
6711499,5
6711502,4
6711503,10
6713298,9
6714420,9
6714472,5
6714656,3
6715216,2
6715512,9
6715767,5
6716274,5
6716355,10
6720631,4
6720838,9
6721089,10
6721143,3
6721589,4
6722476,9
6722743,2
6723051,2
6723065,10
6723738,2
6724737,3
6724764,10
6725363,10
6725565,10
6725703,4
6725882,3
6727576,4
6727884,4
6728660,10
6728821,4
6729047,3
6729336,10
6730061,3
6730373,3
6730591,5
6732419,5
6732548,3
6732769,4
6732973,2
6733173,10
6733373,4
6734258,3
6734658,10
6734881,6
6735459,3
6735748,5
6736104,3
6736151,10
6736507,9
6736569,10
6737082,4
6739491,3
6739671,10
6739849,9
6739998,4
6740501,8
6740915,7
6741514,5
6741834,10
6742558,10
6743999,10
6744214,4
6744957,10
6744980,6
6744985,5
6744987,2
6744989,10
6744991,2
6744998,1
6745007,3
6745010,1
6745036,10
6745066,3
6745068,3
6745070,4
6745091,7
6745103,10
6745104,10
6745109,4
6745114,5
6745135,10
6745136,9
6745139,4
6745148,10
6745202,7
6745207,2
6745212,4
6745216,10
6745217,5
6745219,2
6745224,1
6745233,3
6745234,7
6745236,9
6745249,8
6745250,3
6745255,4
6745260,3
6745261,4
6745268,9
6745281,10
6745471,4
6745485,10
6747165,10
6747166,10
6747168,7
6747175,10
6747176,10
6747177,10
6747178,4
6747183,10
6747185,10
6747186,9
6747187,10
6747193,10
6747313,3
6747325,5
6747333,3
6747339,4
6747351,2
6747370,4
6747380,5
6747391,9
6747407,5
6747419,3
6747427,4
6747429,5
6747447,4
6753437,7
6753438,8
6753439,4
6753442,5
6753980,2
6753981,2
6753983,3
6754652,7
6754661,7
6754664,4
6754668,1
6756409,4
6756410,3
6756411,4
6756421,3
6756701,7
6757949,5
6757955,4
6757957,10
6757958,10
6758710,8
6759077,6
6759182,4
6760163,5
6760236,5
6760247,4
6760256,7
6760660,4
6760664,7
6760666,10
6760739,3
6760758,4
6761290,3
6761309,4
6762011,10
6762013,5
6762023,9
6762750,5
6762756,9
6762760,5
6762765,6
6762766,1
6762919,4
6762920,6
6762922,5
6780555,3
6780564,7
6780581,4
6780593,5
6780623,7
6780628,5
6780630,5
6780632,7
6780633,2
6780663,2
6780664,10
6780667,10
6780676,8
6780684,2
6780695,8
6780700,3
6780702,4
6780718,10
6780725,8
6780741,2
6780748,10
6780749,8
6780753,10
6780754,2
6780757,6
6780762,9
6780768,10
6780769,2
6780770,4
6780784,10
6780819,3
6780821,4
6780825,2
6780827,2
6780841,2
6780844,5
6780846,6
6780853,10
6780854,10
6780858,8
6780897,5
6780900,2
6780910,3
6780913,2
6780916,8
6780929,10
6780938,2
6780951,4
6780988,2
6780998,5
6781017,8
6781020,10
6781021,10
6781031,4
6781042,2
6781066,9
6781070,2
6781073,4
6781085,6
6781089,10
6781098,8
6781101,2
6781108,10
6781127,8
6781148,2
6781153,10
6781156,8
6781157,2
6781160,2
6781177,5
6781184,10
6781186,4
6781187,3
6781190,5
6781208,6
6781243,7
6781247,2
6781252,8
6781255,10
6781260,4
6781414,1
6781463,3
6781675,8
6781678,5
6782749,6
6782753,3
6782767,6
6782774,4
6782780,4
6782781,4
6782792,7
6782902,10
6782906,3
6785272,6
6785274,6
6785281,2
6785285,4
6785288,7
6785294,5
6785296,3
6785307,6
6785310,10
6785314,5
6785316,3
6785755,3
6785758,3
6785760,3
6785761,3
6785766,3
6785772,3
6785776,3
6785778,3
6785782,3
6785784,3
6785790,3
6785800,3
6785813,3
6785814,4
6785815,3
6785818,3
6785820,3
6785824,3
6786819,10
6786835,10
6786837,10
6786842,10
6786863,10
6786867,10
6786869,10
6786871,10
6786882,10
6786884,10
6786892,10
6786895,10
6786902,10
6786910,10
6786915,10
6786917,10
6786919,10
6786921,4
6787499,2
6787676,10
6787679,10
6787696,2
6787703,2
6787709,10
6787724,3
6788085,10
6788101,5
6788125,3
6788205,5
6788214,7
6788215,3
6788318,2
6788346,10
6788352,1
6788520,6
6788638,5
6788657,10
6788658,4
6788660,4
6788662,4
6788805,7
6789017,3
6789023,8
6789267,9
6789278,10
6789280,5
6789282,5
6789292,4
6789305,7
6791286,2
6791288,7
6791290,2
6791291,7
6791293,7
6791297,10
6791302,2
6791331,4
6791340,7
6791350,7
6791355,3
6791356,7
6791362,6
6791374,7
6791377,8
6791383,4
6791386,2
6791392,7
6791438,7
6791440,7
6791442,7
6791758,3
6791762,3
6791765,1
6791766,4
6791768,3
6791770,1
6791771,3
6791772,9
6791782,3
6791783,2
6791787,1
6791790,3
6791793,5
6791795,3
6791798,6
6791799,1
6791830,5
6791831,5
6791836,5
6791837,5
6791838,9
6791840,5
6791842,10
6791843,5
6798260,3
6798264,1
6798266,1
6798385,10
6798430,5
6798776,4
6798783,7
6798899,9
6798912,7
6800148,10
6800149,5
6800154,10
6800155,3
6800310,5
6800313,4
6800344,5
6806530,7
6806539,1
6806540,3
6806544,3
6806545,3
6806558,6
6806564,3
6806566,1
6806576,10
6806588,6
6806602,8
6809424,6
6810827,3
6811247,4
6811268,4
6811269,4
6811272,4
6811277,4
6811285,4
6811288,4
6811291,4
6811292,4
6811293,4
6811298,4
6811300,4
6811305,4
6811311,4
6811313,4
6811314,4
6811315,4
6811318,4
6811324,4
6811326,4
6811327,4
6811334,4
6811342,4
6811593,5
6811595,5
6811626,6
6811628,10
6811629,10
6811636,10
6811637,10
6811649,10
6811650,1
6811651,10
6811653,10
6811655,10
6811662,10
6811663,6
6811668,10
6811670,10
6811680,10
6811682,10
6811684,10
6811687,8
6811693,10
6811694,8
6811696,10
6811702,4
6811703,10
6811717,10
6811723,6
6811724,4
6811726,10
6811728,10
6811730,6
6811734,1
6811737,10
6811738,10
6811743,10
6811744,10
6811747,3
6811748,1
6811753,10
6811754,10
6811755,10
6811759,10
6811763,10
6811764,10
6811768,10
6811771,10
6811774,1
6811777,10
6811780,3
6811786,10
6811787,8
6811789,5
6811791,4
6811794,9
6811795,5
6811801,7
6811802,5
6811805,10
6811806,1
6811807,10
6811814,10
6811820,10
6811831,10
6811836,10
6811839,10
6811840,10
6811844,4
6811849,10
6811853,4
6811854,10
6811858,10
6814515,5
6814520,6
6814521,10
6814523,4
6814643,4
6814870,8
6814879,5
6814896,6
6814898,5
6814904,7
6814945,5
6814948,4
6814950,9
6814952,5
6814953,9
6814954,4
6814955,4
6814960,4
6814961,5
6814962,6
6814966,4
6814967,5
6814968,5
6814969,6
6814970,9
6814972,5
6814975,6
6814976,5
6814977,5
6814978,4
6814979,5
6814981,5
6814984,5
6814986,9
6814987,6
6814990,5
6814991,5
6814992,7
6814993,9
6814996,4
6814997,10
6814998,9
6815000,10
6815001,6
6815002,5
6815003,5
6815004,9
6815005,5
6815009,5
6815010,5
6815011,5
6815013,5
6815015,2
6815016,5
6815017,10
6815018,5
6815019,6
6815020,6
6815021,9
6815022,6
6815023,2
6815024,10
6815026,5
6815027,9
6815029,6
6815033,9
6815035,4
6815036,5
6815037,4
6815038,6
6815039,4
6815040,5
6815045,6
6815046,9
6815047,9
6815048,5
6815050,5
6815051,5
6815054,5
6815056,5
6815057,5
6815058,4
6815059,4
6815061,6
6815062,4
6815063,6
6815726,5
6815728,2
6815729,10
6815751,10
6815841,4
6815844,3
6815887,5
6815893,9
6815894,7
6815897,4
6818241,4
6818911,2
6818917,10
6818921,2
6818927,10
6818928,3
6818930,1
6818933,3
6818950,2
6818962,10
6818966,2
6818969,4
6818974,3
6818976,2
6818979,4
6818982,4
6818992,3
6819002,3
6819010,4
6819018,2
6819019,4
6819035,2
6819037,2
6819044,3
6819049,3
6819052,1
6819053,2
6819056,3
6819059,3
6819066,3
6819076,10
6819082,3
6819084,8
6819089,2
6819090,1
6819107,2
6819111,2
6819113,2
6819117,2
6819118,2
6819122,2
6819127,3
6819134,1
6819136,3
6819141,2
6819149,3
6819152,3
6819154,3
6819156,2
6819161,4
6819162,4
6819171,3
6819174,2
6819176,2
6819186,3
6819188,3
6819189,4
6819190,10
6819194,1
6819198,2
6819202,3
6819220,5
6819229,3
6819230,2
6819233,2
6819235,5
6819655,4
6819658,7
6819659,5
6819660,4
6819670,3
6819673,7
6823250,5
6823268,2
6823281,7
6823284,2
6823295,5
6823304,3
6823306,10
6823311,9
6823332,5
6823358,9
6823363,8
6823366,9
6823370,3
6823372,4
6823392,2
6823408,1
6823409,7
6823411,5
6823420,4
6823422,5
6823432,8
6823438,5
6823439,5
6823442,6
6823443,9
6823446,7
6823452,3
6823455,4
6823459,4
6823480,10
6823485,10
6823491,4
6823493,6
6823503,9
6823506,4
6823516,9
6823530,4
6823575,6
6823578,1
6823582,3
6823589,10
6823595,9
6823599,1
6823605,3
6823607,3
6823612,8
6823624,4
6823630,4
6824608,2
6824611,5
6824612,3
6824614,7
6824616,6
6824617,10
6824622,8
6826701,6
6826703,3
6826709,3
6826933,3
6826987,6
6826990,6
6826996,3
6827002,4
6827450,4
6827673,10
6827675,10
6827676,3
6827678,10
6827680,3
6827682,4
6827905,6
6827906,3
6827919,8
6827923,10
6827941,10
6827943,5
6827949,10
6827954,4
6827958,6
6828128,8
6828730,3
6828747,6
6828751,5
6828773,7
6828774,4
6828789,6
6828800,9
6828818,4
6828819,4
6830242,10
6831131,7
6831133,8
6831146,5
6831147,5
6831160,3
6831162,10
6831166,5
6831182,4
6831188,5
6831195,4
6831197,4
6832991,3
6832993,4
6833006,3
6833013,3
6833016,2
6833274,5
6833283,5
6833289,4
6833301,5
6833302,9
6833319,3
6833328,5
6833329,4
6833333,10
6833337,10
6833357,4
6833365,4
6833622,3
6833627,10
6833628,6
6833629,10
6833631,7
6833632,5
6833634,5
6833647,8
6835199,10
6835203,3
6835213,3
6835218,5
6835234,10
6835236,1
6835437,8
6835576,1
6835583,1
6835584,1
6835585,1
6836958,4
6836963,4
6836967,4
6836970,5
6836971,10
6836972,6
6836973,6
6836974,5
6836979,6
6836985,4
6836986,7
6836990,3
6836997,10
6837008,4
6837014,10
6837016,10
6837018,5
6837027,6
6837034,5
6837492,6
6837516,10
6837524,10
6837526,6
6837546,7
6837549,3
6837554,10
6837560,10
6837575,9
6837580,7
6837581,9
6837591,10
6837593,2
6837613,3
6837615,5
6837617,6
6837621,10
6837631,1
6837632,4
6838197,6
6839436,4
6839442,4
6839449,9
6839454,10
6839457,10
6839465,3
6839474,4
6839476,8
6839480,4
6839481,10
6839486,10
6839493,9
6839498,2
6839499,9
6839500,10
6839502,10
6839505,4
6839508,4
6839511,6
6839515,4
6839517,3
6839519,6
6839520,7
6839527,3
6839529,6
6839530,10
6839536,10
6839540,10
6839545,10
6839546,7
6839549,10
6839550,6
6839553,5
6839897,10
6839905,5
6839909,4
6839910,7
6840177,3
6840189,9
6840191,1
6840196,10
6840200,5
6840207,9
6840228,10
6840240,10
6840242,10
6840251,2
6840253,4
6840268,10
6840269,10
6840270,5
6840273,6
6840279,10
6840281,9
6840285,4
6840289,4
6840294,3
6840296,10
6840297,1
6840298,4
6840299,3
6841410,4
6841418,9
6841421,4
6841423,4
6841429,7
6841433,7
6841438,4
6841483,3
6841487,5
6841866,3
6841867,5
6843417,4
6843448,10
6843457,9
6843458,2
6843468,2
6843474,6
6843484,1
6843488,5
6843499,7
6843503,5
6843505,5
6843507,10
6843510,1
6843524,5
6843529,1
6843531,1
6843542,3
6843548,1
6843554,1
6843555,1
6843556,1
6843561,8
6843563,1
6843572,3
6843573,4
6843577,6
6844223,3
6844264,8
6844267,4
6844270,3
6844276,3
6844277,4
6844279,8
6844295,4
6844297,7
6844301,10
6844304,6
6844306,1
6844338,3
6844341,2
6844351,4
6844355,7
6844360,10
6847969,5
6885657,6
6885658,5
6885659,10
6885663,4
6885675,5
6885678,7
6885702,4
6885726,10
6885727,3
6885740,1
6885744,10
6885745,3
6885757,10
6885759,10
6886472,10
6886475,4
6886489,5
6886491,3
6886579,5
6886581,3
6886582,5
6886586,3
6886831,10
6886838,3
6886839,10
6886871,3
6889750,4
6889754,4
6889764,5
6889780,4
6889785,2
6889787,3
6889796,2
6889798,5
6889799,5
6889816,3
6889818,10
6889829,5
6891005,10
6891008,4
6891011,5
6891015,4
6891020,3
6891034,5
6891045,4
6891051,3
6891053,5
6891057,5
6891059,3
6891280,5
6891286,3
6891287,4
6891291,7
6891296,10
6891298,10
6891299,8
6891556,3
6891558,2
6891559,2
6891566,2
6891567,4
6891568,7
6891575,3
6891577,10
6891589,4
6891608,8
6891611,5
6891614,4
6891899,2
6891902,7
6891903,10
6891906,10
6891907,10
6891910,1
6891912,1
6891917,1
6891926,4
6891930,5
6891937,10
6891938,3
6891940,10
6891973,1
6891980,10
6891983,2
6898934,3
6898935,1
6898938,10
6898948,3
6898949,10
6934160,10
6934165,10
6934168,1
6934170,1
6934171,10
6934172,6
6934173,10
6934175,10
6934176,8
6934182,6
6934191,6
6934196,10
6934206,9
6934209,10
6934210,10
6934405,10
6934406,3
6934408,7
6934414,6
6934415,4
6934416,1
6934422,1
6934432,6
6934442,4
6934444,10
6934453,2
6934459,8
6934460,10
6934463,6
6934465,3
6934474,10
6934477,7
6934490,10
6934505,10
6934506,7
6934509,1
6934514,3
6934516,10
6934517,5
6934520,6
6934523,6
6934527,4
6934567,10
6934571,1
6934573,4
6934579,6
6934584,1
6934602,10
6934617,6
6934618,8
6934638,10
6934648,8
6934650,3
6934653,3
6934661,3
6934667,7
6934670,7
6934671,10
6934672,6
6934683,10
6934692,5
6936076,4
6937565,1
6937567,10
6937582,3
6937583,5
6937645,3
6937795,10
6937851,10
6937853,5
6937855,6
6937858,4
6937862,10
6937869,3
6937876,7
6937877,10
6937879,6
6937880,5
6938522,8
6938525,9
6938529,6
6938530,7
6938531,6
6938532,7
6938535,1
6938538,4
6938543,10
6938549,5
6938553,4
6938556,1
6938820,7
6938833,6
6938837,10
6938847,5
6938848,8
6938851,9
6939888,4
6939896,8
6940079,3
6940481,4
6940658,4
6940662,10
6940669,10
6940670,2
6940687,2
6940688,7
6940689,7
6940708,3
6940712,10
6940713,2
6940922,10
6940969,6
6940987,3
6941068,3
6941069,3
6941072,10
6941076,1
6941082,10
6941089,7
6941094,3
6941098,3
6941103,5
6941107,3
6941641,6
6941643,1
6941645,5
6941648,3
6941656,4
6941660,1
6942540,5
6942546,8
6942552,3
6942645,2
6942650,10
6942652,8
6942654,2
6942695,3
6942696,5
6942742,7
6942748,5
6943575,3
6943576,1
6943577,1
6943579,5
6943587,2
6943590,5
6943595,3
6943597,5
6945154,10
6945155,6
6945158,4
6945166,6
6945167,4
6945178,4
6945180,5
6945184,3
6945209,3
6945210,5
6945211,3
6945215,9
6945220,7
6945280,4
6945302,8
6945307,4
6945330,5
6945333,10
6946600,3
6946602,8
6946611,3
6946618,4
6946620,3
6946624,3
6946629,10
6946630,7
6946631,3
6946634,3
6946638,3
6946644,7
6946645,4
6946652,7
6946655,5
6946656,3
6946658,4
6946661,3
6946665,6
6946669,7
6946670,4
6946672,4
6946674,3
6946678,4
6946683,10
6946685,2
6946690,5
6946732,4
6946734,7
6946735,4
6946736,4
6947706,7
6950388,10
6950400,5
6950407,3
6950408,10
6950412,5
6950416,8
6950421,3
6950430,4
6950440,6
6950442,3
6950445,5
6950447,6
6950448,4
6950455,3
6950459,4
6950463,4
6950466,10
6950467,3
6950468,5
6950470,8
6950475,5
6950489,3
6950496,5
6950525,10
6950530,7
6950532,10
6950533,10
6950538,4
6950540,1
6950541,4
6950544,7
6950550,10
6953183,5
6953184,4
6953196,3
6953197,6
6955745,10
6955746,10
6955747,3
6955750,3
6955751,5
6955753,10
6955755,3
6955756,5
6955758,3
6955763,4
6955766,9
6955767,3
6955771,6
6955773,3
6955779,8
6955891,9
6955896,4
6955898,3
6955905,3
6955910,3
6955912,3
6955913,7
6955914,5
6956548,3
6956550,4
6956551,4
6956552,3
6956557,4
6956559,3
6956561,6
6956563,4
6957042,3
6957043,4
6957044,10
6957046,5
6957189,5
6957195,6
6957198,3
6957202,9
6957205,3
6957206,4
6957207,9
6957209,4
6957218,1
6958740,10
6958748,7
6958751,3
6959536,3
6959540,5
6959544,6
6959547,3
6959555,5
6959557,3
6959558,4
6959561,3
6959901,6
6959902,5
6959927,10
6959928,7
6959929,4
6959934,4
6959938,1
6959939,10
6959942,3
6959944,5
6959945,7
6959948,4
6959949,4
6959996,5
6960000,6
6960006,4
6960007,6
6960210,5
6960318,5
6960320,3
6960324,4
6960828,7
6960831,3
6960832,4
6960833,4
6960834,10
6960837,6
6960838,4
6960849,8
6960855,1
6960856,10
6961586,3
6961588,4
6961590,5
6961593,6
6961597,5
6961631,10
6961632,5
6961633,4
6961635,3
6961636,6
6961637,4
6961641,3
6961644,3
6961646,4
6961652,10
6961653,4
6961660,6
6961664,4
6961799,10
6961803,4
6961804,4
6961805,7
6961807,7
6961811,5
6961816,4
6961817,10
6962583,3
6962586,4
6962587,7
6962589,4
6962591,2
6962592,4
6962595,3
6962596,6
6962599,9
6962601,3
6962608,3
6962982,1
6962985,4
6962994,3
6963506,5
6963511,5
6963513,4
6963515,10
6963516,5
6963519,5
6963768,2
6963769,1
6963770,3
6963775,1
6963878,4
6963885,4
6963890,5
6963891,5
6963892,2
6963894,5
6963896,1
6963897,5
6963898,4
6963905,3
6963911,7
6963913,3
6963921,5
6963922,1
6963926,8
6963928,4
6963929,3
6963955,3
6963957,1
6963963,3
6963968,3
6963969,10
6963970,3
6963973,5
6964162,2
6964168,6
6964205,3
6964615,4
6964616,5
6964623,3
6964624,4
6964630,3
6964634,4
6964640,1
6964811,5
6964812,4
6964813,5
6964815,4
6964819,5
6964824,3
6964825,10
6964829,3
6964833,3
6964834,5
6964835,1
6964838,1
6964947,4
6964948,4
6964950,5
6964959,6
6964965,5
6965259,4
6965265,6
6965266,7
6965269,5
6965274,1
6965275,8
6965276,4
6965277,5
6965285,3
6965288,4
6965291,4
6965292,10
6965295,3
6965299,4
6965300,5
6965302,7
6965615,4
6965616,5
6965617,4
6965618,4
6965620,9
6965624,5
6965626,5
6965627,5
6965629,6
6965635,3
6965638,7
6965640,5
6965642,4
6965643,5
6965646,4
6965648,4
6965649,4
6966145,5
6966148,1
6966151,5
6966152,6
6966156,3
6966157,5
6966160,4
6966165,3
6967218,5
6967220,3
6967221,5
6967222,4
6967225,7
6967226,10
6967601,4
6967606,3
6967611,5
6967614,5
6967620,3
6967625,3
6967628,4
6967650,4
6967654,5
6967657,3
6967660,4
6967663,3
6967664,5
6967665,4
6967666,4
6967667,8
6967736,6
6967743,3
6967747,4
6967748,8
6967749,6
6969462,5
6969463,6
6969466,4
6969467,6
6969468,2
6969469,2
6969482,1
6969485,7
6969486,3
6969488,4
6969489,4
6969490,4
6969491,5
6969543,5
6969544,8
6969549,3
6969554,3
6971689,5
6971690,4
6971694,7
6971695,5
6971709,5
6972048,7
6972049,4
6972051,5
6972052,1
6972055,1
6972057,8
6972192,5
6972193,5
6972450,5
6972451,5
6972867,4
6972870,5
6972873,3
6972875,1
6972879,5
6972887,1
6973048,4
6973049,3
6973055,7
6973067,3
6973068,10
6973078,6
6973087,4
6973089,5
6973093,5
6973097,5
6973172,4
6973185,5
6973189,5
6973190,3
6973204,3
6973211,1
6973218,2
6973225,6
6973233,4
6973396,5
6973522,4
6973525,2
6973526,5
6973528,3
6973530,5
6973533,5
6973690,4
6973693,4
6976432,4
6976433,1
6976434,3
6976435,4
6976436,5
6976437,4
6976438,5
6976439,6
6976441,5
6976443,3
6976445,6
6976450,4
6976451,4
6976452,5
6976453,5
6976454,4
6976457,3
6976463,4
6976464,5
6976468,7
6976469,4
6976729,2
6976732,3
6976737,1
6976740,1
6976741,2
6976744,3
6977332,4
6977338,5
6977342,6
6977345,3
6977350,4
6978601,8
6978609,5
6978797,7
6978804,4
7003001,5
7004008,3
7004031,4
7004045,4
7004157,3
7004160,6
7004282,4
7004284,1
7004287,3
7006426,5
7006429,5
7006435,6
7006436,8
7006437,2
7006443,7
7006445,3
7006446,7
7006450,3
7006451,7
7006453,5
7006454,2
7006610,5
7006615,4
7006616,2
7006622,7
7006629,5
7006642,4
7006643,9
7006649,3
7007062,4
7007099,6
7007168,7
7007557,5
7007771,5
7007775,3
7007777,6
7007836,1
7008309,1
7008310,6
7008314,5
7008317,5
7008323,8
7008324,4
7008326,3
7008548,4
7008557,5
7008562,3
7008569,5
7008570,3
7008592,4
7008594,3
7008608,4
7008615,4
7008623,4
7008626,4
7008650,5
7008651,4
7008655,3
7008676,4
7008680,3
7009392,4
7009969,5
7009973,5
7012669,5
7012760,5
7012777,5
7012780,7
7013563,1
7014562,1
7014574,1
7015746,3
7015750,3
7015751,4
7015753,4
7015754,10
7017657,1
7017665,6
7017666,1
